5455.278142
4253.176108
4236.498956
4212.505498
4174.929745
4108.779420
3978.179922
3752.121345
3510.845943
3183.191565
2733.781703
2375.406602
2388.353495
2059.380081
2002.431364
1849.317347
1010.596003
774.734061
564.144021
470.380822
433.771928
400.157070
295.500828
228.204067
203.139588
187.845124
174.787986
163.458125
153.537941
144.783426
137.003467
130.046058
123.788731
118.131717
112.992957
108.304378
104.009077
100.059158
96.414047
93.039173
89.904918
86.985780
84.259691
81.707475
79.312393
77.059777
74.936722
72.931837
71.035029
69.237327
67.530730
65.908085
64.362975
62.889629
61.482842
60.137908
58.850564
57.616936
56.433497
55.297032
54.204598
53.153501
52.141269
51.165629
50.224486
49.315910
48.438115
47.589450
46.768383
45.973495
45.203463
44.457059
43.733138
43.030630
42.348538
41.685928
41.041925
40.415710
39.806514
39.213616
38.636335
38.074034
37.526110
36.991996
36.471155
35.963083
35.467300
34.983354
34.510816
34.049281
33.598362
33.157694
32.726929
32.305736
31.893801
31.490825
31.096521
30.710618
30.332856
29.962986
29.600771
29.245983
28.898407
28.557833
28.224061
27.896901
27.576168
27.261685
26.953283
26.650799
26.354074
26.062958
25.777304
25.496971
25.221824
24.951731
24.686566
24.426204
24.170529
23.919424
23.672779
23.430486
23.192440
22.958540
22.728689
22.502790
22.280752
22.062484
21.847899
21.636913
21.429443
21.225408
21.024733
20.827339
20.633155
20.442108
20.254128
20.069149
19.887103
19.707927
19.531557
19.357934
19.186998
19.018690
18.852956
18.689739
18.528987
18.370647
18.214669
18.061004
17.909603
17.760419
17.613407
17.468522
17.325720
17.184960
17.046200
16.909400
16.774520
16.641522
16.510368
16.381023
16.253451
16.127617
16.003487
15.881028
15.760209
15.640997
15.523362
15.407273
15.292703
15.179622
15.068002
14.957816
14.849038
14.741642
14.635602
14.530893
14.427492
14.325374
14.224518
14.124899
14.026497
13.929289
13.833255
13.738374
13.644626
13.551991
13.460450
13.369985
13.280576
13.192206
13.104858
13.018514
12.933157
12.848771
12.765339
12.682847
12.601278
12.520617
12.440851
12.361963
12.283940
12.206769
12.130435
12.054925
11.980226
11.906326
11.833211
11.760870
11.689291
11.618461
11.548370
11.479005
11.410357
11.342413
11.275163
11.208597
11.142704
11.077475
11.012899
10.948967
10.885669
10.822996
10.760939
10.699488
10.638636
10.578372
10.518690
10.459579
10.401033
10.343043
10.285601
10.228699
10.172330
10.116486
10.061161
10.006345
9.952034
9.898218
9.844893
9.792050
9.739684
9.687787
9.636354
9.585377
9.534852
9.484771
9.435129
9.385920
9.337139
9.288779
9.240834
9.193301
9.146172
9.099443
9.053109
9.007164
8.961604
8.916424
8.871618
8.827182
8.783111
8.739401
8.696047
8.653045
8.610390
8.568079
8.526106
8.484468
8.443161
8.402181
8.361523
8.321185
8.281161
8.241449
8.202045
8.162946
8.124147
8.085646
8.047438
8.009522
7.971892
7.934547
7.897483
7.860698
7.824187
7.787948
7.751979
7.716275
7.680836
7.645657
7.610736
7.576071
7.541659
7.507497
7.473582
7.439914
7.406488
7.373303
