17.446590
18.124960
20.332293
19.804828
19.310725
20.701774
23.236024
20.055107
19.497302
21.797733
20.539202
19.936999
21.515804
20.728872
19.061464
18.910634
19.274293
18.165859
17.695101
18.922925
17.464090
17.077812
17.657944
17.202349
16.999129
16.708128
17.116674
16.672918
16.535883
16.557809
16.300619
16.684156
16.181101
15.912952
15.584303
15.632826
15.359385
15.174969
15.489154
15.586331
15.268003
15.370022
15.771975
15.386895
15.396604
16.151561
16.020884
15.835270
16.697866
17.462256
16.421572
16.493852
17.586851
17.226934
16.442943
17.407995
17.961836
17.214147
17.702541
18.589775
18.464181
17.973926
18.856874
18.954767
18.179193
18.386783
18.586783
18.316111
17.741892
17.441372
17.283838
16.869096
16.368947
15.965116
15.686336
15.383948
14.907117
14.776951
14.689180
14.517715
14.439277
14.623348
14.488853
14.365543
14.396562
14.515940
14.452789
14.460464
14.906385
14.744077
14.309596
13.900236
13.647861
13.558930
13.498330
