0.059842
0.016558
-0.045504
-0.011519
0.119897
0.083642
0.186049
0.097952
0.033047
0.101866
0.160821
0.153222
-0.024613
0.077363
0.057772
-0.026866
-0.039512
-0.001150
0.064147
0.121763
0.046312
0.044460
-0.023696
-0.065277
0.056930
-0.093515
-0.128185
-0.012391
-0.011003
-0.105336
0.004643
0.158894
0.093942
0.017659
0.060469
0.069064
0.035770
0.033462
0.070641
-0.001425
0.020425
-0.017235
-0.031370
-0.066357
-0.059615
-0.092831
-0.127643
-0.072517
-0.108576
-0.105057
-0.164544
-0.024872
0.006646
-0.050031
0.008746
0.011568
0.006815
-0.005966
-0.005552
0.089581
-0.045926
-0.019698
0.002803
-0.051526
-0.130012
-0.053971
-0.110859
-0.076142
-0.095085
-0.149864
-0.067574
-0.115193
-0.113187
-0.108557
-0.040891
-0.022032
-0.047786
-0.038381
-0.003749
-0.052289
-0.006189
-0.040374
0.042958
-0.019079
0.014845
0.060317
0.047776
0.011138
0.088824
0.052486
0.025125
0.003432
-0.004348
0.064051
0.053451
0.029916
0.049427
0.008679
0.006692
-0.011144
-0.039878
0.026537
-0.056300
0.004380
0.036147
0.003491
-0.021872
-0.044856
-0.115192
-0.068418
-0.129296
-0.135864
-0.119815
-0.121222
-0.231613
-0.059560
-0.071537
-0.105717
-0.066712
-0.046987
-0.098967
-0.153423
-0.005184
-0.010221
-0.096090
0.040606
0.094960
0.007179
-0.058280
-0.011037
0.044266
0.023541
-0.037043
0.001700
0.022006
0.008649
0.021904
0.082932
-0.020513
0.064313
0.043576
0.128847
0.044511
0.106643
0.120524
0.011565
0.025527
0.019163
0.006895
0.051655
0.033837
0.020616
0.042797
0.009611
-0.023596
-0.048337
-0.040751
-0.136824
-0.025777
0.006801
0.013709
-0.049148
0.003044
-0.011805
0.034201
0.018387
0.038736
0.062050
0.015178
0.008535
-0.003141
0.019741
0.032161
-0.048457
0.017729
0.022170
0.000303
-0.017715
-0.011526
-0.025752
0.005656
-0.047855
-0.034996
-0.026533
-0.001482
0.036378
-0.006124
0.035114
0.042107
-0.039720
0.009273
-0.029358
-0.096614
0.003626
0.051564
-0.023289
0.144207
0.047320
0.064818
0.048172
0.207506
0.130733
-0.017427
0.103850
0.058800
0.024068
0.095972
0.028891
0.053794
0.181662
0.066061
0.077551
0.029279
0.051933
0.122993
-0.003886
0.061918
0.125114
0.096511
0.065332
0.095046
0.207615
0.099324
0.039171
0.062533
0.071951
0.042360
0.000536
0.019647
-0.059439
-0.044419
-0.055732
-0.039348
-0.020761
-0.033958
-0.129575
-0.135513
-0.078308
-0.131307
-0.123835
-0.165296
-0.093788
-0.066042
-0.082888
-0.024445
-0.001201
0.020366
0.027745
0.076963
0.088227
0.032104
-0.043848
-0.031734
-0.096000
-0.077135
-0.082258
-0.056795
-0.073254
-0.064817
-0.064609
-0.072763
-0.115792
-0.092149
-0.108878
-0.061332
-0.122821
-0.041738
-0.009314
-0.044324
-0.045600
-0.005979
0.019012
-0.058003
-0.013677
0.025310
-0.000280
0.033541
0.015192
0.057848
0.024907
-0.012808
0.003915
0.057518
0.008858
-0.017104
0.077166
0.061490
-0.005812
0.039040
0.155666
0.084468
0.345761
0.090584
0.051077
0.028837
0.126576
0.060693
-0.131715
0.014896
-0.047930
-0.114931
-0.034442
-0.020782
-0.002096
0.070849
-0.000188
-0.008845
-0.056597
-0.061508
-0.032839
-0.043425
-0.120101
-0.025673
-0.047272
-0.081549
-0.016896
0.138059
0.061452
-0.040058
0.095436
0.040342
0.005545
0.017478
0.040758
-0.071390
0.029004
0.004253
-0.081452
-0.000675
0.020409
-0.069993
-0.045470
-0.045390
-0.073113
-0.172960
-0.109959
0.027587
0.103569
0.010251
0.020654
0.046014
0.008221
-0.033313
-0.001473
0.061981
0.023799
-0.070666
0.098039
-0.066094
-0.102905
-0.098163
-0.110401
-0.134672
-0.081751
-0.118517
-0.035553
-0.051942
-0.110653
0.027244
-0.044084
-0.010496
0.003845
0.001765
0.055136
0.031097
-0.026260
0.010920
0.044676
0.032150
0.062346
0.050398
0.035437
0.051613
0.063182
0.047115
-0.032726
0.051570
0.047084
0.028207
0.040637
0.012559
0.015349
0.031071
-0.031067
-0.037348
-0.035454
-0.097421
-0.067879
-0.050034
-0.053757
-0.144371
-0.119323
-0.010098
-0.130825
-0.042117
-0.007167
-0.069266
-0.060822
-0.076794
-0.115961
-0.066515
0.013070
-0.036876
-0.054777
-0.146048
-0.075813
-0.040440
-0.074432
-0.078204
-0.109148
-0.087186
-0.219407
-0.119302
-0.033639
-0.036866
-0.058273
-0.045018
-0.017054
-0.038530
0.063531
-0.043624
0.072617
0.069873
-0.007991
0.056659
0.121103
0.164241
0.113767
0.131898
0.159866
0.088864
0.117769
0.055703
0.106990
0.029574
-0.063136
-0.025890
-0.063659
-0.017431
-0.045945
0.012344
0.066150
0.014594
0.052412
0.082490
0.056994
0.036091
0.021261
0.026689
0.074619
0.067760
0.121359
0.082927
0.069043
0.108957
0.092318
0.089886
0.033241
0.004406
0.008286
0.028537
-0.011951
-0.016964
-0.030623
-0.044179
-0.004828
-0.012090
-0.031359
-0.029704
0.029773
-0.008752
0.043177
-0.010937
0.022684
-0.059392
0.008740
-0.001429
0.019817
-0.032581
-0.025453
0.058330
-0.151835
-0.091241
-0.100431
-0.085457
-0.214935
-0.127754
0.044849
-0.124629
-0.065440
0.012172
-0.094121
-0.098991
-0.018861
-0.072889
-0.073316
-0.012390
-0.035495
-0.042105
-0.142811
-0.040999
-0.100604
-0.145198
-0.102810
-0.113427
-0.137725
-0.235011
-0.086541
-0.103278
-0.048379
-0.055866
-0.040214
0.040247
-0.033894
0.059202
-0.039786
0.064928
0.066905
0.073407
0.047639
0.108826
0.097152
0.038908
0.089608
0.153305
0.166015
0.092692
0.073834
0.048381
-0.035645
-0.033079
-0.046531
-0.045791
-0.066742
-0.083056
-0.011289
0.074692
0.027792
0.111673
0.099509
0.040353
0.097853
0.049682
0.088185
0.072731
0.105186
0.110753
0.089313
0.108680
0.074297
0.146093
0.059258
0.093913
0.081458
0.023571
0.059360
-0.012082
0.020658
0.008963
-0.060244
-0.051956
-0.058183
0.014513
-0.030024
-0.044497
-0.008321
-0.017954
-0.004883
-0.032882
-0.029570
-0.016070
-0.032470
-0.006717
0.037275
0.015372
-0.055539
-0.038839
0.031922
-0.051573
-0.030102
-0.007831
-0.018183
-0.058518
-0.003321
-0.015707
0.029408
0.058117
0.006825
-0.005461
0.072999
0.047887
-0.029080
0.046916
0.037865
0.070769
0.077142
0.062443
0.083445
0.012249
0.064533
0.051974
0.006584
0.019683
-0.023248
-0.039773
0.029256
-0.005055
0.008683
-0.064739
0.016443
-0.013605
-0.017006
0.009154
0.029106
-0.036879
0.006886
-0.025262
-0.052683
-0.064959
0.010933
-0.015665
-0.070898
0.015137
-0.031044
0.040737
-0.020577
0.062002
0.056405
0.047173
-0.008313
0.050018
-0.043002
-0.008250
-0.022420
-0.036026
-0.021650
0.017756
0.005869
0.032995
0.019046
0.019350
0.025263
0.027929
-0.056541
-0.059739
-0.026582
-0.044043
0.024067
0.003207
-0.006105
-0.061402
0.001883
-0.014045
0.013547
0.011180
-0.020246
-0.062784
-0.021314
0.022056
0.025455
-0.021305
0.025329
-0.043655
-0.010672
-0.045751
-0.068386
-0.075347
0.021195
-0.045823
0.035905
0.035635
-0.061262
0.025997
-0.042784
-0.240606
-0.161385
-0.086676
-0.126318
-0.157885
-0.024974
0.007830
0.103632
0.007122
-0.057776
0.086104
-0.047191
0.024339
0.130636
0.110918
-0.036631
0.040468
0.170532
0.014359
-0.012724
0.050237
0.002916
-0.263884
-0.074598
-0.019740
-0.072178
-0.008097
-0.010419
-0.017584
-0.070586
-0.037321
0.029089
-0.075908
-0.053762
-0.018507
-0.055435
-0.081179
-0.030561
0.061464
-0.009255
-0.007900
0.071070
0.035798
0.037724
0.096843
-0.033556
-0.089953
-0.072896
-0.046218
-0.065672
0.087821
0.146117
0.060639
0.120770
0.193400
0.118354
0.137369
0.133929
0.071277
0.051990
0.078086
0.102062
0.076333
0.045983
0.107908
0.104284
0.022757
0.036680
0.012774
0.028052
-0.003467
0.041697
0.012293
-0.013133
0.031201
-0.020572
0.002356
-0.010571
0.026800
-0.039767
0.025830
-0.038822
0.020974
-0.015172
-0.041930
-0.056481
0.034903
0.033370
0.067361
-0.029770
-0.074801
-0.028031
-0.014809
-0.055804
-0.020938
0.028005
-0.069671
-0.029426
-0.020038
-0.080399
-0.010189
-0.069559
-0.156348
-0.076956
-0.101593
-0.167868
-0.043302
-0.011941
-0.110524
-0.050057
-0.083551
-0.016061
-0.096714
-0.061402
0.003094
-0.091846
-0.017169
-0.048776
-0.044210
-0.060879
0.008548
0.031288
0.023992
-0.050114
-0.007209
0.057264
0.027830
-0.003437
0.009234
0.031742
-0.017515
0.097999
0.069449
0.013136
0.080881
0.139170
0.069717
0.009561
0.018531
0.067523
0.011116
0.066348
-0.003219
-0.008226
0.035148
-0.039770
-0.014041
0.002317
-0.022671
0.027177
-0.023225
-0.019184
-0.014226
0.047742
0.072029
0.039550
0.049601
0.014480
0.022492
0.041591
0.065424
0.079401
-0.022305
-0.011061
-0.044670
-0.022111
0.019797
-0.002749
0.027625
-0.037768
-0.034911
-0.028957
-0.005321
0.022042
-0.049588
-0.037302
-0.057729
0.024524
0.015322
-0.031662
-0.023635
0.030275
0.011352
-0.077993
0.018790
0.101370
-0.002163
0.246238
0.037818
0.077908
0.104604
0.235470
0.184352
0.062948
0.115567
0.104585
-0.040633
-0.035026
0.026676
0.002112
0.101707
0.014688
0.052311
0.007066
-0.067417
0.117072
-0.056655
-0.070934
0.095529
0.089875
-0.057181
0.070073
0.210886
0.066924
0.047120
0.076133
0.020301
0.007302
0.015252
0.073228
-0.004677
-0.003896
-0.013309
-0.046279
0.000232
-0.021008
-0.079525
-0.121672
-0.119829
-0.160900
-0.159422
-0.171129
-0.111861
-0.057270
-0.065566
0.004017
0.058401
0.009747
0.053605
0.024871
0.025728
-0.045351
-0.033786
-0.025630
-0.158895
-0.125583
-0.101329
-0.112825
-0.092653
-0.060842
-0.128623
-0.061434
-0.094282
-0.103008
-0.125514
-0.098024
-0.075138
-0.025551
-0.080701
-0.028038
-0.008297
-0.045669
-0.000643
-0.015833
-0.049062
0.038908
0.022922
-0.002705
0.011135
0.058865
0.012435
-0.020228
0.015682
0.018976
0.058713
0.055137
0.036544
0.008623
0.025336
0.057137
0.053142
0.068197
0.367313
0.026443
-0.012364
-0.189204
0.056323
-0.029533
-0.313596
-0.089744
-0.126053
-0.122930
-0.030061
-0.089375
-0.132925
-0.068798
-0.016104
-0.082155
0.013989
0.008791
0.061905
-0.014987
0.103059
0.069386
0.072992
0.086697
0.068785
0.123285
0.058584
0.049155
-0.008183
-0.003019
-0.006978
-0.019172
0.047366
-0.079020
-0.016796
-0.037251
-0.076302
-0.102132
-0.042784
-0.086703
-0.108317
-0.014465
-0.105134
-0.097423
-0.053493
0.014027
0.067733
0.026647
0.051891
0.080411
0.051306
0.070477
0.067440
0.077350
0.153963
0.040121
0.009337
0.081505
-0.029870
0.021837
0.018648
0.011577
-0.029115
-0.025501
0.082750
0.041279
-0.064489
0.072396
-0.064659
-0.032718
0.008957
0.068361
-0.020607
0.074046
0.029930
0.014985
-0.028940
-0.025183
0.021712
0.031500
0.043060
0.075955
-0.040024
0.081413
-0.030825
-0.006904
0.006288
-0.012480
0.021067
0.019767
0.038208
0.080641
-0.015002
-0.065382
-0.017635
-0.128200
-0.029136
-0.065103
-0.017030
-0.174343
-0.056370
0.003636
-0.066130
-0.077670
-0.039626
-0.015027
-0.059202
-0.061184
-0.086209
-0.028598
-0.046700
-0.051056
-0.007004
-0.108157
-0.079151
-0.057179
-0.051900
-0.018936
-0.046881
-0.081609
-0.146734
-0.036578
-0.015613
-0.072255
-0.072687
-0.026382
-0.013537
-0.005727
-0.017462
0.011640
-0.016029
0.070308
0.001740
-0.011966
0.081709
0.045689
0.052161
0.069840
0.148843
0.148360
0.031226
0.090662
0.026422
0.032436
0.020444
-0.054924
0.010618
-0.048966
-0.026800
-0.021814
-0.001998
-0.003994
0.092998
0.080437
0.090088
0.077301
0.015437
0.092646
0.095574
0.078295
0.056191
0.037375
0.111148
0.053319
0.071772
0.038415
0.070073
0.033402
-0.009840
0.047328
-0.027182
-0.026668
-0.024226
-0.053105
-0.030327
-0.048103
0.030084
-0.083013
-0.055692
0.004901
0.037547
-0.011712
-0.015505
0.003303
0.008045
0.030085
-0.008774
0.012022
0.025927
-0.038415
-0.058013
0.028172
0.074184
0.236013
0.139157
0.145147
0.168011
0.125637
0.040638
0.027442
-0.074258
-0.007835
0.077797
0.074371
-0.009190
-0.039104
-0.143753
-0.128224
-0.032005
-0.092591
-0.188691
-0.015003
-0.039438
-0.166071
0.007493
0.202657
0.018110
-0.018334
0.045485
0.029374
-0.037942
0.030925
-0.018539
-0.044409
-0.014233
0.081404
0.047703
0.042399
-0.019000
0.058766
0.073550
-0.032696
-0.009145
0.019718
-0.044057
-0.058687
-0.062038
-0.011118
0.004144
-0.002448
-0.005243
0.050506
0.060639
-0.090509
-0.120633
-0.083845
-0.071325
-0.149963
-0.065127
-0.050267
-0.141961
-0.093560
0.022518
-0.045503
-0.063998
-0.041204
-0.058533
-0.036318
-0.006765
-0.007145
-0.030211
-0.033611
-0.002319
0.004230
0.024030
-0.014307
0.047531
-0.015439
-0.030507
0.008501
0.013981
0.046489
0.100781
-0.009056
0.033193
-0.025268
-0.002016
0.019628
0.009905
0.004455
0.033829
0.048611
0.058324
0.019509
0.042792
0.193142
0.025544
-0.034362
-0.116090
0.050063
-0.089355
-0.227438
-0.082077
-0.042552
-0.148956
-0.152229
-0.129096
-0.118658
-0.189983
-0.028063
-0.035166
-0.111394
-0.095790
-0.044889
-0.051093
-0.059333
0.015101
0.038893
-0.001346
0.060723
0.096843
0.014046
-0.045954
0.013542
0.032569
0.024283
-0.008444
0.027346
-0.010874
-0.043211
-0.022720
-0.027024
-0.008118
-0.015170
0.052681
-0.002873
0.013567
0.037075
0.015954
-0.041676
0.035116
-0.013383
-0.008650
0.049811
0.073024
0.031520
0.061041
-0.011144
0.041289
-0.027287
-0.025721
-0.080231
-0.027408
0.023754
-0.018595
-0.003410
0.026776
-0.016175
0.024778
-0.017400
-0.003423
-0.042038
-0.001051
-0.037691
-0.025165
-0.016150
0.021448
0.014272
0.013510
-0.011558
-0.020968
-0.006633
-0.016218
0.040274
-0.027161
-0.019413
0.039987
0.061951
0.025320
0.051816
-0.011228
-0.009997
0.024359
0.018715
-0.022513
0.035559
0.029865
0.053785
0.022231
-0.081175
0.161159
0.048483
-0.030576
-0.218014
0.075215
-0.042579
-0.309802
-0.111659
-0.062465
-0.038569
0.045143
0.006702
-0.047028
-0.119666
-0.021917
-0.047650
0.032101
0.123858
0.064257
0.102186
0.173099
0.070523
0.096275
0.143141
0.070990
0.090216
-0.010029
0.025958
0.052381
0.023989
-0.057165
-0.003448
0.025798
-0.017898
-0.003157
-0.041998
-0.103905
-0.080091
0.004786
-0.063055
-0.068766
0.010238
-0.013409
-0.037207
-0.070370
0.046189
0.008806
0.016299
-0.015987
0.075125
0.078198
0.083874
-0.010119
0.049781
0.074538
0.041888
-0.004650
0.008471
0.036526
0.038322
0.104106
0.109895
0.076722
0.057129
0.023977
-0.002770
0.055284
0.014921
-0.056347
-0.092271
0.002766
-0.027268
-0.013489
-0.004555
-0.054328
-0.022265
0.016886
0.021972
0.016536
0.029405
-0.036189
-0.022559
0.025912
0.016450
0.006801
-0.034877
0.021237
-0.044926
-0.030253
-0.007745
-0.013744
-0.038945
0.045961
0.043732
0.004315
0.081034
0.081424
0.091980
0.071036
0.188039
0.117729
0.029261
0.145182
0.080611
0.053126
0.052663
0.009242
0.053436
0.063866
0.037254
0.048557
0.072513
0.029813
0.104066
0.005149
0.074505
0.138179
0.132560
0.038481
0.064627
0.246060
0.081122
0.064245
0.018686
0.032757
-0.004947
-0.054618
0.034017
-0.065346
0.013616
-0.005816
-0.023109
0.013712
-0.081261
-0.024429
-0.070169
-0.060377
-0.123017
-0.154094
-0.173036
-0.095802
-0.029010
-0.040347
0.013825
0.070671
0.110709
0.061318
0.024392
0.087956
-0.054379
-0.044362
-0.008720
-0.089872
-0.067291
-0.083342
-0.042649
-0.024398
-0.045825
-0.082919
-0.075209
-0.097563
-0.107632
-0.137568
-0.048409
-0.084031
-0.066164
-0.073741
-0.083175
-0.038657
-0.055160
-0.009096
0.026063
-0.006192
-0.019416
0.005875
0.006686
0.005198
0.070311
-0.028505
0.009279
0.030519
0.036952
0.005613
0.060322
0.057757
0.058749
-0.044515
0.086823
0.107970
0.077404
0.300342
0.107185
0.074485
-0.033205
0.136194
0.033696
-0.092646
-0.050103
-0.075255
-0.102333
-0.098883
-0.058690
0.027812
0.032597
-0.002773
-0.003949
-0.007405
-0.097120
0.022873
-0.077320
-0.116117
-0.009961
-0.013101
-0.015831
0.044926
0.087480
0.032891
-0.016404
0.028779
0.011958
0.060462
0.040629
0.002100
-0.071468
-0.038576
-0.058301
0.002172
-0.052241
0.030809
-0.064717
-0.075650
-0.001563
-0.052015
-0.115806
-0.065526
0.009976
0.104442
-0.006070
-0.008812
0.002152
0.047206
-0.021346
-0.011126
0.045482
0.062744
0.009458
0.066524
-0.038436
-0.015304
-0.076679
-0.056991
-0.076543
-0.099821
-0.093826
-0.018878
-0.060067
-0.016057
-0.020174
-0.038900
-0.076083
0.054716
-0.001765
0.010809
0.053591
0.003344
0.004864
-0.017733
0.018660
0.031231
0.084413
0.041450
0.048999
-0.014528
-0.020301
-0.044331
0.012951
-0.019996
0.002550
0.021401
-0.037190
-0.090694
-0.125084
0.030115
0.014672
0.041101
-0.077385
-0.007520
0.042640
-0.048672
0.002431
0.115138
0.139887
0.058050
0.057244
0.130173
0.250179
0.119640
0.108857
0.332992
0.029784
0.096163
0.159865
0.045180
0.037617
0.033748
0.115844
0.011321
-0.012921
0.104312
-0.015904
-0.076040
0.011562
-0.001675
-0.001060
-0.054557
-0.040032
-0.011331
-0.060237
0.015178
0.000283
-0.071163
-0.094438
-0.009084
-0.002559
-0.094110
-0.127352
-0.054699
-0.107102
-0.063770
-0.076033
-0.109801
0.049149
-0.054695
-0.024054
-0.047112
-0.068187
-0.000067
0.013731
0.027878
0.043487
0.022892
0.086449
0.050573
-0.003389
0.060058
-0.006399
0.010008
-0.044331
-0.071163
0.018914
0.002199
-0.062345
0.005411
0.004822
0.015141
-0.009483
0.036598
0.038272
-0.011799
-0.037267
-0.012694
-0.016591
-0.047157
-0.033523
0.048071
-0.038969
0.033720
-0.007021
-0.026843
-0.049010
-0.006170
-0.013456
0.022655
0.009690
0.088645
0.042229
0.006343
-0.006016
0.014275
0.086920
0.358215
0.024784
0.002255
-0.281797
-0.014691
-0.056094
-0.341176
-0.149726
-0.167714
-0.080681
0.004575
-0.044731
-0.096338
-0.128947
-0.001671
-0.080092
0.042893
0.121917
0.103530
0.032422
0.152690
0.102991
0.036344
0.139820
0.090702
0.045779
0.051988
-0.019171
-0.018074
-0.000534
0.011864
0.029624
0.007246
-0.036768
-0.013391
-0.019157
-0.080575
-0.100691
-0.049804
-0.126834
-0.164573
-0.017859
-0.081250
-0.125824
-0.007507
0.061996
0.117674
0.043618
0.021342
0.084105
0.040935
0.034540
-0.001642
0.148739
0.199704
0.019678
0.051675
0.023361
0.042155
0.067223
0.061533
0.071431
-0.023880
0.015416
0.068635
-0.002710
-0.035840
0.063023
-0.054652
-0.074733
0.003061
-0.002406
0.025604
0.093217
-0.010684
-0.012848
-0.042788
-0.009677
0.076008
0.046956
0.036848
0.049882
-0.033227
0.058896
-0.010964
0.017243
0.024681
0.021516
0.005337
-0.059287
-0.003484
-0.038413
-0.058991
0.028199
-0.010661
-0.219715
-0.026222
0.071200
0.295518
-0.013427
0.136842
0.425407
0.066924
0.193862
-0.005229
-0.072392
0.084885
0.081856
0.146663
-0.019063
0.009427
-0.130603
-0.154118
-0.090533
-0.095989
-0.227790
-0.099657
-0.083505
-0.159210
-0.090953
-0.062255
-0.049789
-0.011925
-0.011140
0.016647
0.010652
-0.029884
-0.044474
0.023876
0.027871
-0.002206
0.091367
0.074422
0.064434
0.060888
0.156914
0.040167
0.024663
0.106012
0.082808
-0.063179
-0.023812
-0.041884
-0.038230
-0.020483
-0.066626
-0.071522
-0.032468
-0.069769
-0.133370
-0.005987
-0.018036
-0.045912
-0.047971
-0.039008
-0.095174
-0.129326
-0.048668
-0.045025
-0.103742
0.000802
-0.000594
-0.024387
0.020824
0.049594
-0.051541
-0.036662
0.012722
-0.000072
0.041252
0.013592
0.014646
0.003050
0.007545
-0.018174
-0.027743
-0.050848
-0.016993
-0.068563
-0.014810
-0.007509
0.043286
0.006637
0.069367
-0.008023
-0.017176
-0.018149
0.005051
-0.056019
-0.130633
0.134795
-0.043340
-0.010560
-0.136825
0.069823
-0.044485
-0.196595
0.002747
-0.086323
0.029420
0.003504
-0.006816
-0.066495
-0.107845
-0.044675
-0.047726
0.075945
0.078600
0.112737
0.065575
0.193617
0.151422
0.076334
0.152930
0.150977
0.131777
0.092391
0.042297
0.049214
0.011013
-0.009612
-0.022263
-0.022397
-0.060689
-0.008513
-0.053456
0.006467
-0.052044
-0.041842
-0.063489
-0.061650
0.011574
-0.011075
-0.093679
-0.049816
-0.036001
0.017084
0.002424
-0.011550
0.082178
0.107556
0.045956
0.021549
0.034090
0.013164
0.029486
-0.058746
-0.027069
0.074528
0.052403
0.086117
0.087679
0.109682
0.074240
0.033276
-0.015108
0.031684
-0.060589
-0.043852
-0.091536
-0.090001
-0.018820
-0.009146
0.008201
0.001869
-0.065945
-0.034830
0.006993
0.022258
-0.068031
0.007853
-0.028234
0.001544
-0.026624
0.007957
-0.042226
-0.057983
0.007900
-0.071930
-0.002676
-0.017430
0.021021
0.044864
-0.015117
-0.039169
-0.128741
0.032244
0.021837
0.222561
0.061321
0.109810
0.150008
0.051821
0.070327
-0.017749
-0.128192
0.053760
0.007950
-0.050226
-0.040440
-0.049712
-0.058582
-0.071609
0.032916
-0.059136
-0.100584
-0.004065
0.001524
-0.034487
0.005626
0.186751
0.083452
-0.059687
0.040712
0.026733
-0.004664
-0.048988
0.036606
0.018430
-0.025268
0.044058
0.064609
-0.002341
-0.016959
0.143826
0.121484
0.017991
0.088207
0.060940
-0.005681
-0.011926
-0.133358
-0.067879
0.021094
0.084250
0.102198
0.029005
0.063110
-0.118468
-0.179611
-0.084924
-0.132026
-0.145863
-0.054826
-0.002896
-0.081980
0.012372
0.010635
0.066639
-0.040984
0.000898
-0.027692
-0.076561
-0.056523
0.024961
-0.080244
-0.070054
-0.098672
-0.048150
0.023771
-0.013499
0.022624
0.050101
-0.035411
-0.014683
-0.051266
-0.028697
0.058180
-0.010464
0.020051
-0.012670
0.051787
0.002313
-0.038187
-0.013057
-0.035023
0.048270
-0.006071
-0.004213
0.031406
0.172052
-0.002414
-0.003456
-0.342684
-0.170583
-0.171861
-0.221206
-0.151677
-0.101669
-0.019747
0.132165
-0.046704
-0.086192
0.056690
-0.022498
0.015130
0.181508
0.162284
0.052593
0.089653
0.251883
-0.014070
-0.048638
0.170484
0.023469
-0.224477
-0.053786
0.041110
-0.018596
-0.006062
0.011553
-0.038244
-0.066849
-0.069328
0.007975
-0.040900
-0.086374
-0.080239
-0.047498
-0.112334
-0.139584
0.000950
-0.017474
-0.065177
0.055809
0.013853
0.167080
0.053122
-0.010400
-0.057066
-0.093695
0.000173
-0.035266
0.166250
0.242783
0.084245
0.192726
0.154400
0.037376
0.158137
0.127187
0.101652
-0.038256
-0.007881
0.100868
0.079055
-0.003372
0.066640
0.074986
0.033656
0.007275
0.030460
0.037421
0.057419
-0.016879
0.029082
-0.058087
-0.052128
0.055721
-0.004276
0.073644
0.013245
-0.074771
0.048197
-0.040168
-0.011082
0.029987
-0.050533
-0.058496
0.048258
0.061658
-0.040339
-0.017160
-0.024619
0.032147
0.009006
0.075927
0.075262
0.197833
0.230943
0.154720
0.184942
0.129420
0.083534
-0.014743
-0.149687
0.027128
-0.015777
-0.025462
0.051060
-0.021853
-0.144202
-0.106076
0.028434
-0.075235
-0.159447
-0.031994
0.027098
-0.096937
0.015426
0.236668
0.045400
-0.040689
0.052339
0.069747
0.024529
-0.000862
0.064563
0.016877
0.029741
0.046644
0.064776
-0.012729
-0.016059
0.072243
0.050402
-0.035273
0.002902
-0.046953
-0.091350
-0.008078
-0.043598
-0.043500
0.020857
0.081560
0.082071
0.024062
0.044561
-0.008539
-0.202609
-0.047702
-0.111655
-0.223392
-0.087305
-0.057351
-0.103583
-0.093610
-0.017486
-0.021072
-0.150557
-0.094322
-0.088109
-0.061454
-0.024078
-0.036797
0.004370
-0.006936
-0.037389
-0.059035
0.011509
0.005230
0.037522
-0.015941
0.006987
-0.022497
0.029359
-0.004833
0.067908
-0.002659
-0.009234
-0.040938
-0.004574
-0.008041
0.008806
0.032226
0.080307
0.099551
0.010869
-0.017436
-0.063321
0.035428
-0.049562
-0.006742
0.040892
0.007250
-0.111643
-0.117149
-0.051603
-0.044502
-0.131729
-0.239785
-0.064225
-0.099928
-0.316746
-0.025277
-0.104013
-0.130963
-0.116588
-0.003236
-0.059680
-0.180173
-0.002509
-0.014827
-0.025560
-0.022046
0.043755
0.023642
-0.067185
-0.002441
0.028077
-0.027790
0.047391
0.037058
-0.008123
0.039351
0.042759
0.095632
0.017419
0.072159
0.047826
0.093839
0.066409
0.124852
0.118102
0.053064
0.065666
0.027877
0.062730
0.002484
0.074366
0.071275
0.046733
0.002280
-0.038434
-0.063649
-0.011895
-0.133453
-0.041173
0.006926
-0.043794
-0.004474
-0.029111
0.047259
0.067829
0.010669
0.028453
0.040883
0.002824
0.013263
0.023395
0.026558
-0.035338
-0.007261
0.051220
0.048789
0.014843
-0.008408
-0.025008
-0.003977
-0.033815
-0.038077
-0.007553
-0.044324
-0.002134
0.037492
0.015974
0.019822
-0.033630
0.047834
-0.059253
-0.052233
-0.047115
-0.025939
0.008274
-0.072674
-0.265625
-0.047503
0.003076
0.198790
-0.010972
0.116007
0.330284
0.128984
0.157267
0.084872
-0.042659
0.040408
0.031163
0.045008
0.055538
0.040674
-0.067830
-0.134150
-0.081948
-0.061816
-0.074983
-0.042744
-0.010367
-0.055283
-0.103059
-0.034521
-0.007967
-0.025208
-0.060932
0.047157
0.030758
-0.036827
-0.022791
0.081207
0.044752
0.010785
0.039096
0.061963
0.023597
0.114792
0.120586
0.023058
0.106113
0.090074
0.048998
-0.036828
-0.066891
-0.064168
-0.025867
-0.005512
-0.020138
-0.052048
-0.016926
-0.073047
-0.138583
0.007951
-0.092836
-0.023257
-0.037770
-0.028564
-0.082630
-0.065709
0.035210
0.016626
-0.085804
-0.000995
0.041393
-0.058181
0.058774
0.045706
-0.044856
0.001468
-0.059267
-0.067812
-0.021169
-0.038229
0.068193
0.039262
-0.040847
-0.063234
-0.081952
-0.056261
0.050611
-0.057587
-0.015805
-0.021406
0.023926
-0.024708
0.004883
0.000036
-0.033557
-0.076963
-0.014576
-0.041114
-0.076737
-0.208241
-0.019568
0.076339
0.279327
0.054888
0.146219
0.373335
0.128627
0.156250
-0.013462
-0.120209
0.099529
0.075155
0.074368
0.019998
0.058720
-0.113220
-0.105973
-0.039108
-0.105378
-0.212729
-0.060252
-0.046716
-0.198777
-0.071134
0.053855
0.021711
-0.050465
0.050775
0.017822
0.019608
-0.045402
-0.030473
0.023695
0.021888
0.055294
0.076008
0.059390
0.039483
0.094195
0.147530
-0.048464
0.063022
0.087899
-0.012224
0.011805
-0.102737
-0.028561
0.001933
0.013466
-0.019426
-0.010386
-0.033604
-0.072614
-0.169999
-0.036941
-0.080790
-0.127514
-0.019481
-0.039782
-0.085167
-0.049388
-0.026415
-0.014478
-0.072439
-0.050893
-0.024235
-0.097492
-0.013904
0.043154
-0.034396
-0.032199
-0.044220
-0.055167
-0.000144
-0.004785
0.074464
-0.003423
-0.004303
-0.037592
-0.069081
-0.021488
0.054400
-0.041738
0.010664
-0.004728
0.015592
0.037471
0.035834
0.065552
0.004780
-0.077591
0.014660
0.119254
0.128565
0.297452
0.144924
0.042784
0.050949
0.141887
0.097696
-0.059731
0.059766
-0.046495
-0.112273
-0.068605
-0.034006
0.001512
0.180216
0.014774
0.015395
-0.071510
-0.085816
-0.058243
-0.050057
-0.211575
-0.031664
-0.012896
-0.147774
-0.010977
0.105909
-0.004071
0.000249
0.040632
0.012789
0.058005
0.081663
0.018149
-0.041873
-0.015454
0.048306
-0.090753
-0.038819
0.011908
-0.114650
-0.105828
-0.061022
-0.056551
-0.132573
-0.109839
0.047214
0.046727
0.002604
0.009404
0.000290
-0.028826
-0.047465
-0.015194
0.077311
0.023942
-0.007306
0.097726
-0.087592
-0.108454
-0.126868
-0.102899
-0.037878
-0.132638
-0.084761
-0.112302
-0.112710
-0.051638
-0.013241
0.010825
-0.015345
0.001149
0.066367
0.021391
0.040075
0.043228
0.040578
0.066660
0.039910
0.039265
0.105260
0.065539
0.026256
0.027820
0.053489
0.047553
0.061018
0.026015
0.018395
0.087014
-0.008164
-0.005658
0.062242
-0.001867
-0.045586
0.016011
-0.083338
-0.036330
-0.006155
-0.026958
-0.141444
-0.096536
0.076560
-0.043300
0.003757
0.011955
-0.097794
-0.079659
-0.049547
-0.089789
-0.093285
-0.042090
-0.096622
-0.041872
-0.089042
-0.021105
-0.121600
-0.139051
-0.060997
-0.098281
-0.083840
-0.179410
-0.108651
-0.032710
-0.067814
0.010800
0.018978
-0.037752
-0.024404
0.016134
-0.025108
-0.002781
0.044962
0.065150
0.060314
0.086346
0.107715
0.045011
0.112802
0.129607
0.059397
0.051887
0.090201
0.040700
0.037199
-0.050717
-0.047954
-0.054011
-0.038341
-0.048821
-0.022792
0.004296
0.005731
0.028844
0.081786
-0.001140
0.039889
0.006211
0.059662
-0.009194
0.057971
0.084518
0.062179
0.055114
0.073473
0.074122
0.057080
0.052298
0.069938
-0.008099
-0.021508
0.023003
-0.007782
0.006599
0.006484
-0.000641
-0.015298
-0.048747
-0.005175
-0.032610
0.018924
-0.043537
0.019384
0.002085
0.014165
-0.026735
-0.000563
-0.079719
0.010033
0.086920
0.028162
0.159672
0.076416
0.077892
0.093677
0.188585
0.134545
0.012525
0.110279
0.039738
-0.025056
0.076958
0.060804
0.044458
0.165184
0.068944
0.024884
0.034848
0.054885
0.109355
0.009603
-0.001615
0.072494
0.066065
0.035905
0.075357
0.263768
0.118451
0.060082
0.063473
0.068283
0.015831
-0.037212
-0.006065
0.001593
0.031553
-0.042125
-0.088172
-0.047630
-0.035367
-0.120966
-0.107169
-0.086204
-0.110205
-0.165399
-0.155225
-0.133860
-0.071976
-0.040141
-0.015422
0.007392
0.040234
0.002244
0.012024
0.077661
-0.017282
-0.014918
-0.052257
-0.041899
-0.126123
-0.040107
-0.103418
-0.091760
-0.103967
-0.099671
-0.077987
-0.111487
-0.137409
-0.138382
-0.086364
-0.032429
-0.024183
-0.004855
0.002937
-0.002884
-0.074311
-0.028186
-0.040403
-0.055411
0.015110
0.007318
0.010605
0.010007
0.019359
0.000313
0.036278
-0.019071
0.066960
0.010980
0.040480
-0.090209
-0.013970
0.020750
0.001360
-0.126824
-0.168326
-0.422202
-0.071998
-0.036204
0.158050
-0.102913
0.034228
0.344142
0.084033
0.138017
0.097840
0.076714
0.043551
0.045105
-0.002464
0.041289
0.052008
0.006663
-0.022477
0.003691
0.040369
0.053297
0.006126
-0.043028
0.017559
-0.033901
-0.084452
-0.067042
0.010050
-0.063741
-0.075247
-0.098745
-0.103388
-0.079097
0.088242
-0.000648
0.045772
0.011778
0.036805
0.012393
0.123733
0.148636
0.016541
0.077378
0.149881
0.037949
-0.025404
-0.117550
-0.079601
-0.050871
-0.031347
-0.069849
-0.029061
0.015512
-0.151779
-0.103177
-0.013070
-0.082711
0.022994
0.053330
0.078670
0.015607
0.033165
0.119636
0.054929
0.002188
0.004819
0.092663
-0.018039
0.017933
0.045669
-0.021048
-0.021965
-0.024727
-0.039889
-0.020640
-0.061794
-0.015487
0.008531
-0.048092
-0.081486
-0.057605
-0.011708
-0.036976
-0.041431
-0.009522
-0.026650
0.014880
0.018907
-0.015025
-0.029602
0.001608
-0.079334
0.064004
-0.067334
-0.034416
0.178820
-0.040914
-0.023309
-0.269529
0.022049
-0.058772
-0.266357
-0.075019
-0.099676
0.008503
0.042259
0.013974
-0.105188
-0.052885
-0.053485
0.008848
0.091627
0.129778
0.048800
0.074996
0.149200
0.114540
0.075287
0.170846
0.087691
0.065054
0.092136
0.024606
-0.007134
-0.045060
-0.014772
-0.056477
0.010322
-0.009099
-0.003351
-0.065153
-0.012382
-0.095024
0.002732
-0.064037
-0.097913
0.013454
-0.075476
-0.048187
-0.031314
0.027482
0.008343
0.007802
-0.001614
0.076897
0.069378
0.077184
0.011257
0.051258
0.048372
-0.010588
0.001823
0.068986
0.094058
0.020974
0.044877
0.122756
0.085637
0.015135
0.112262
0.053471
0.035407
-0.010749
-0.042843
-0.012643
-0.015014
-0.035963
-0.072464
-0.054477
-0.044251
0.024749
-0.006922
-0.024806
0.021540
0.023828
0.017601
-0.033267
-0.033837
0.044820
0.034788
0.003401
-0.040413
0.016508
-0.055715
0.035597
0.019072
-0.057104
-0.006529
0.115654
0.088944
0.347166
0.066371
0.048887
-0.181953
0.068154
-0.050941
-0.298379
-0.027794
-0.142709
-0.114090
0.013320
-0.051188
-0.056549
-0.027456
-0.017262
-0.019133
0.026791
0.042941
0.018576
0.022529
0.061091
-0.028261
-0.016517
0.060052
0.040429
0.007670
0.009516
-0.022616
0.052701
0.051290
0.016832
0.039807
0.051763
-0.053040
-0.006263
-0.083995
-0.072886
-0.109087
0.017533
-0.152137
-0.132204
-0.049362
-0.104809
-0.120470
-0.067869
0.048753
0.151220
0.058539
0.048593
0.042593
-0.011544
0.043714
-0.028692
0.096957
0.119306
0.014267
0.070642
0.063291
-0.031818
0.005557
0.050846
0.015510
-0.064430
-0.102050
0.012337
-0.041608
-0.018969
0.021721
0.015124
-0.074462
0.000097
0.068595
0.071099
0.044875
0.005495
0.050520
-0.032019
-0.042271
0.069377
0.077622
0.009984
0.038060
-0.000420
0.037504
-0.021199
-0.024319
0.023138
-0.056818
0.018884
0.019081
0.064775
0.054033
0.056295
-0.010716
-0.000912
0.220943
0.112628
-0.032954
-0.148404
0.117230
-0.086538
-0.259985
-0.110903
-0.045000
-0.119309
-0.173786
-0.030492
-0.055004
-0.118286
-0.017936
-0.038435
-0.120087
-0.070024
-0.025190
-0.071637
-0.086867
-0.024239
0.051429
0.050512
0.030973
0.116473
0.053875
-0.001520
0.063675
-0.003993
0.032956
0.042470
0.032548
0.015322
-0.019557
-0.001964
-0.067279
-0.038606
0.026478
0.018176
-0.065900
-0.018733
0.021528
-0.041234
-0.033256
0.023674
0.033051
0.049641
0.030836
0.064067
0.067089
0.024543
0.009771
0.067077
0.056111
-0.022668
-0.076389
-0.075445
-0.003807
0.001970
-0.004971
0.037303
-0.030180
0.040807
0.039073
-0.004972
-0.061671
-0.005455
-0.034084
-0.072134
-0.006254
-0.017283
0.007484
-0.018501
-0.026321
0.035091
-0.032916
0.029172
0.001777
0.024273
0.076346
0.002132
0.040301
0.058926
-0.009075
0.044061
0.016031
0.004765
-0.044709
0.056404
0.056707
0.006043
0.013096
0.071841
0.074885
0.268985
0.094160
0.063318
-0.133609
0.083567
-0.020834
-0.211212
-0.082700
-0.099144
-0.155756
-0.070383
-0.087973
-0.065157
-0.065520
-0.031729
-0.054979
-0.083463
-0.000238
-0.000052
0.013906
-0.014380
0.054228
0.065195
-0.008722
0.013710
0.126099
0.061877
0.017165
0.014350
0.049714
0.046843
0.041652
-0.003796
-0.073244
-0.034367
-0.032549
-0.053813
-0.047882
-0.001587
-0.100903
-0.089129
-0.024057
-0.002751
0.012228
-0.012606
0.035525
0.071457
0.066677
0.004778
0.014353
0.015247
0.027264
-0.013097
0.108296
0.047485
-0.037780
0.002161
-0.043147
0.017780
-0.034833
0.027382
0.049410
0.006175
-0.037314
-0.024683
-0.034872
-0.064656
0.041617
-0.005118
-0.013408
0.029082
-0.013196
0.014510
-0.013829
-0.017371
-0.018214
-0.044765
0.026164
-0.014997
0.004589
0.051655
0.003776
0.058184
0.020719
0.002039
0.019751
-0.026446
0.041317
-0.022326
-0.044713
-0.002503
-0.043282
-0.040197
-0.059570
-0.060612
-0.191829
-0.046170
0.020900
0.111925
-0.067854
0.072429
0.236054
0.092188
0.113789
0.080698
0.101285
0.077661
0.031771
0.139641
0.020181
0.046190
0.037537
0.033218
0.014643
-0.018735
-0.006931
-0.056461
-0.040878
0.004395
-0.066847
-0.108323
-0.072742
0.026213
-0.059344
-0.026331
-0.055727
-0.039375
-0.043325
-0.014229
0.022179
-0.029836
0.012499
-0.010856
0.003589
0.076891
-0.004558
-0.052982
-0.003031
0.038269
0.011875
0.011576
-0.060186
-0.048771
0.027471
-0.017057
-0.022479
-0.055997
0.010686
-0.011645
-0.056206
0.030791
0.026298
0.026942
0.054267
0.025562
-0.047385
-0.001593
-0.023997
0.001614
-0.011122
-0.032943
0.046607
-0.046689
0.042240
0.074865
-0.027738
-0.010547
-0.009319
-0.004880
0.003761
0.016079
0.029360
-0.011796
-0.032148
-0.036067
0.012627
0.037637
-0.048510
-0.045899
-0.041515
-0.022818
0.005559
-0.043288
-0.026219
0.026327
0.002568
-0.033126
-0.019107
-0.002059
0.010803
0.145305
0.011664
-0.078597
-0.283778
-0.067923
-0.165389
-0.255522
-0.081408
-0.099976
0.052394
0.127804
-0.052151
-0.038111
0.023884
-0.054096
-0.048450
0.180998
0.140510
0.052351
0.071049
0.222330
0.041323
0.017159
0.149823
0.031131
-0.105337
0.016955
0.026841
-0.082853
-0.083123
-0.051352
-0.032459
-0.066659
-0.075071
-0.020438
-0.064507
-0.031414
-0.082897
-0.022895
-0.125588
-0.107916
-0.030599
0.003562
-0.019719
0.008422
0.056349
0.144903
0.079327
0.029351
-0.001127
-0.004434
-0.019098
-0.001855
0.084990
0.145501
0.061761
0.135437
0.148848
0.135220
0.151237
0.083511
0.142589
0.049431
0.046542
0.129923
0.074479
-0.011078
0.078892
0.011270
0.021242
0.030279
0.018891
0.004512
0.047225
-0.017815
-0.023822
-0.012140
-0.023875
-0.009200
-0.037789
0.018112
0.048959
-0.074669
-0.022222
-0.015836
0.055769
-0.047964
0.014538
-0.014021
-0.007087
-0.065750
0.004213
-0.058621
-0.050522
-0.038036
-0.052222
-0.072301
-0.034348
-0.304848
-0.171611
-0.157669
-0.182687
-0.101297
-0.120290
0.066096
0.158010
0.019900
-0.036961
0.004930
0.014686
-0.047421
0.147244
0.110767
-0.013532
0.102934
0.188336
-0.005580
-0.017756
0.090224
0.026719
-0.244964
-0.043815
-0.015232
-0.064099
-0.029360
-0.003788
-0.005929
-0.087086
0.024138
0.009599
-0.059868
-0.017882
0.003944
-0.041327
-0.042763
-0.086691
-0.024284
0.032843
0.027632
0.045625
0.047065
0.067663
0.063812
-0.032053
-0.029706
-0.057854
0.008221
0.005097
0.042689
0.114664
0.071326
0.096449
0.212269
0.150195
0.178078
0.115348
0.141807
0.049287
0.094423
0.104425
0.085993
0.043636
0.080756
0.057687
-0.001262
-0.029405
0.039792
0.011767
0.061753
0.035196
0.016010
-0.043718
0.003757
0.019761
0.006391
-0.015536
-0.001572
-0.052293
-0.011115
-0.028705
0.014178
-0.086097
-0.031032
-0.040688
0.037999
-0.020061
-0.046551
0.015432
0.023392
0.082956
0.256154
0.113482
0.007175
-0.023558
0.083667
0.039380
-0.088107
-0.084032
-0.036761
-0.088272
-0.077979
-0.038669
0.017730
0.044519
0.010609
0.006606
-0.042336
-0.034129
-0.053247
-0.024422
-0.107079
-0.019609
-0.040145
-0.078680
0.013639
0.048520
0.011553
0.009828
0.080183
0.028860
-0.018715
0.024586
0.002925
-0.024055
-0.017495
0.017588
0.013406
-0.035722
-0.047411
-0.050307
-0.070455
-0.024299
-0.039733
-0.063279
-0.042327
-0.002804
0.014339
0.037729
0.022574
-0.005518
0.015990
0.000587
0.017052
0.086779
-0.015218
-0.026824
0.027529
-0.033329
-0.048779
-0.074160
-0.064376
-0.034441
-0.089368
-0.073861
-0.049810
-0.023282
-0.071782
-0.033086
0.004173
-0.020551
0.021123
0.027346
-0.020875
0.033136
-0.003413
0.055791
-0.014395
-0.037338
0.026324
0.012420
0.054813
0.022961
0.029471
0.052084
-0.014149
0.018113
-0.028802
0.038511
0.017226
-0.036533
-0.019826
0.091631
-0.072931
-0.017491
0.056854
-0.243952
-0.009983
0.000154
0.051524
-0.110913
0.005843
0.176162
-0.101314
0.057037
0.039984
-0.038161
-0.012308
0.090352
0.064563
-0.022184
0.019331
-0.009877
-0.047643
-0.078621
-0.024319
-0.181276
-0.182968
-0.144944
-0.125947
-0.161074
-0.283413
-0.117730
-0.078663
-0.047362
-0.007153
0.033383
0.024467
-0.034664
0.022569
0.066414
0.026555
0.071792
0.010999
0.050556
0.012906
0.080482
-0.017808
0.028807
0.082980
0.137590
0.018350
0.088068
0.112278
-0.041457
-0.108638
-0.114108
-0.057058
-0.125366
-0.074498
-0.032815
0.018758
0.032618
0.082688
-0.027828
0.032761
-0.052390
-0.056685
-0.088539
-0.079645
-0.045045
0.063311
0.043904
0.032099
0.156686
0.124008
0.034417
0.029086
0.048871
0.066709
0.035287
0.046905
0.023359
0.005644
0.024674
-0.032090
-0.011080
0.009712
-0.063306
-0.048077
0.004158
0.007891
0.002519
0.024768
-0.012293
0.109305
0.018752
-0.035159
-0.003448
0.059880
0.067500
0.416223
0.152749
0.002613
-0.201915
0.099298
-0.052753
-0.277666
-0.060374
-0.117729
-0.123456
-0.068038
-0.074764
-0.086327
-0.117181
-0.042991
-0.008770
0.001902
0.000833
0.059661
-0.052694
-0.077502
0.043483
0.084375
-0.006256
0.037185
0.159375
0.053528
0.032122
0.087916
0.034705
0.011502
0.011047
0.018631
-0.015829
-0.019392
-0.071448
-0.025552
-0.088842
0.033482
-0.132552
-0.152922
0.033535
-0.076334
-0.103560
-0.057042
0.010154
0.114279
0.103952
0.061602
0.111673
0.058640
0.014446
0.023303
0.124519
0.091576
-0.038216
0.037087
0.004161
-0.044639
0.006631
-0.005636
0.020790
-0.074039
-0.086787
-0.007319
-0.015869
-0.095021
0.022997
-0.051331
-0.079709
0.043261
0.020566
0.033426
0.037704
0.024792
0.054187
-0.043836
-0.030755
0.019916
0.019186
0.042165
0.034554
0.059102
0.060142
-0.047137
0.058555
-0.002200
0.012558
-0.010476
-0.056048
-0.030260
-0.025632
-0.026204
-0.021459
-0.107342
0.075716
-0.030700
-0.055998
-0.064217
0.004512
-0.054206
-0.167439
-0.017440
-0.013549
0.012867
0.046358
0.031042
-0.050358
-0.046807
-0.023958
0.016640
0.018928
0.068963
0.085321
0.083450
0.158420
0.090761
0.073068
0.163541
0.066809
0.150804
0.069567
0.024457
0.036289
0.042386
-0.063366
-0.069245
0.013324
0.001914
0.004908
-0.001747
0.020741
-0.061820
-0.002628
-0.041387
-0.066319
0.009625
0.024771
0.006445
-0.022546
-0.066621
-0.082461
-0.022988
-0.027520
0.097174
0.110373
0.063297
0.046418
0.064425
0.012082
-0.043173
-0.064752
0.008282
0.000639
0.010938
0.008502
0.092786
0.034704
0.052305
0.069077
0.052942
-0.011099
-0.008509
-0.073185
-0.054589
-0.087367
-0.025289
-0.023340
-0.018247
-0.080225
0.002975
-0.039457
-0.019924
-0.069349
-0.017783
-0.056215
-0.026337
0.050859
0.023299
0.032138
-0.039029
-0.051609
-0.071256
-0.070599
-0.081450
-0.059564
-0.075355
-0.026832
-0.044341
-0.140509
-0.462995
-0.051692
-0.017306
0.224904
-0.115645
0.125654
0.301627
0.081910
0.118570
0.137914
0.109379
0.134856
0.092066
0.130719
-0.014060
0.086037
0.052794
-0.039623
-0.087970
0.000532
0.000442
-0.020802
-0.054555
-0.095383
-0.131294
-0.087473
-0.077311
-0.055059
-0.019961
-0.068181
-0.018974
-0.043861
-0.059305
0.080277
0.060537
-0.001247
0.015240
0.114695
0.010061
0.051065
0.144620
0.002758
0.076803
0.107464
0.095427
-0.051304
-0.085665
-0.079829
-0.007192
-0.047075
-0.108050
-0.050538
-0.055545
-0.123342
-0.172411
0.013091
-0.052529
0.020643
0.022550
0.038166
-0.010617
-0.014460
0.050997
0.065968
-0.071300
0.049884
0.030632
-0.042126
0.079315
0.071111
0.019340
-0.024240
-0.062173
-0.030744
-0.008736
-0.008351
-0.013767
0.054592
-0.048130
-0.042027
-0.084457
0.012579
-0.042479
-0.064409
-0.036678
-0.042478
0.060552
0.009723
-0.016319
-0.060969
-0.026879
-0.006052
-0.027083
-0.106076
-0.056265
-0.225970
-0.053972
-0.077575
-0.129211
-0.190937
-0.080263
-0.005840
-0.072496
-0.047529
0.046168
0.053076
-0.052250
-0.058000
-0.039599
-0.042890
0.024124
0.053098
0.101089
-0.005469
0.058545
0.131319
0.010376
-0.010501
0.066911
-0.072527
-0.206854
-0.108152
0.018237
-0.023883
-0.081268
-0.038317
0.004118
-0.001152
-0.011700
0.003842
-0.038358
0.065866
-0.032127
0.050282
-0.008296
0.091933
0.040754
0.081433
0.158388
0.090642
0.026521
0.063022
0.078317
0.035929
-0.042147
-0.043180
-0.014336
0.021432
-0.046765
0.063074
0.032127
0.024502
0.105153
0.153872
0.122093
0.120912
0.124669
0.112329
0.126770
0.096923
0.129224
0.134787
0.098366
0.080744
0.068779
0.046206
-0.003369
0.030456
-0.004918
0.008048
-0.020354
-0.023117
-0.048939
-0.023470
-0.082940
-0.043569
0.000979
-0.060053
-0.051995
0.020835
-0.075470
-0.003045
-0.012353
-0.048111
-0.005330
0.012853
-0.065078
-0.000105
0.068066
-0.020771
0.130035
0.081318
0.076738
0.092066
0.205535
0.083914
-0.044837
0.072062
0.063170
0.047414
0.095619
0.080386
0.073946
0.081958
0.072319
0.002627
-0.001165
0.005770
0.146106
-0.006431
0.075498
0.060885
0.060928
0.094214
0.129159
0.256147
0.079668
0.017228
0.034721
0.072209
0.022477
0.011196
0.030016
-0.000587
-0.025506
0.001002
-0.048551
-0.021116
-0.028827
-0.055385
-0.109630
-0.069747
-0.129887
-0.190658
-0.150500
-0.122788
-0.064570
-0.122994
-0.013765
0.006588
0.101028
0.066126
0.051187
0.052293
0.003440
-0.050471
-0.003523
-0.075597
-0.110648
-0.025995
-0.064391
-0.056402
-0.055001
-0.046753
-0.046097
-0.078300
-0.050053
-0.147873
-0.105154
-0.087049
-0.119046
-0.033635
-0.027568
-0.041765
-0.005545
0.003788
-0.052488
0.016810
0.030675
0.017335
0.015859
-0.034630
0.047395
-0.015922
-0.013530
0.019948
0.005202
-0.000882
0.052948
-0.058488
-0.003775
-0.080876
-0.014305
0.062470
0.041657
-0.013117
0.081484
0.027657
0.036102
0.068645
0.058338
0.079633
0.117786
0.035127
0.068618
0.156682
0.091760
0.072299
0.244224
0.081394
0.049374
0.139150
0.083857
0.039524
0.075185
0.078264
0.063611
0.077080
0.074277
-0.007641
0.046727
-0.005972
0.009267
-0.020233
0.025848
0.029268
-0.002188
0.029159
-0.048283
-0.024547
-0.066535
-0.028227
-0.039118
-0.018535
-0.088469
-0.122669
-0.048906
-0.106395
-0.064415
-0.105961
-0.130545
-0.027962
-0.053493
-0.012827
-0.064661
-0.002811
0.007188
0.043570
0.091651
0.057725
0.043086
0.089828
0.055338
-0.034580
-0.002536
-0.048396
-0.028934
-0.029135
-0.014567
-0.024978
-0.055676
-0.004711
-0.041430
-0.037139
0.003860
0.012419
0.026818
-0.033576
0.002580
-0.046387
-0.006906
-0.042608
-0.043220
0.003770
0.019070
0.023398
-0.038269
-0.025220
-0.024189
-0.040021
-0.020068
0.046521
-0.024120
-0.016212
-0.073262
-0.086737
-0.098241
0.012260
-0.028437
-0.103264
-0.419588
-0.092300
0.004768
0.162675
-0.113699
0.092030
0.333837
0.055680
0.181085
0.060891
0.120683
0.100638
0.073326
0.194872
0.035631
0.014359
0.043619
0.002796
-0.042330
-0.001446
0.007117
-0.078244
-0.039867
-0.080776
-0.158430
-0.121261
-0.069154
-0.049086
-0.053190
-0.067837
0.035173
-0.074822
-0.080645
0.040414
0.047060
0.017796
0.034472
0.122725
0.019189
0.124760
0.140546
-0.048010
0.048481
0.054689
0.071087
-0.059643
-0.047425
-0.073148
0.041896
-0.098877
-0.093505
-0.025714
-0.008718
-0.119562
-0.162636
-0.015242
-0.024874
-0.046078
0.040717
0.011192
-0.031102
-0.030569
0.075428
0.044800
-0.003629
-0.027404
0.052563
-0.008249
0.041048
0.052817
-0.024223
-0.011363
0.011208
-0.034480
-0.014202
-0.060029
0.023141
0.017465
-0.025436
-0.047576
-0.068500
-0.013736
0.023189
-0.025479
-0.007202
0.008525
-0.019418
-0.029184
0.021794
0.005745
0.047439
0.030550
-0.081893
-0.011231
-0.001732
-0.171246
-0.076524
-0.089899
-0.071584
-0.160159
-0.128656
0.022276
-0.106534
0.006025
-0.046784
-0.105805
-0.071666
-0.056311
-0.088452
-0.100730
-0.030301
-0.090063
-0.023633
-0.098917
-0.033560
-0.108643
-0.137186
-0.101794
-0.095439
-0.132192
-0.214684
-0.054620
-0.060415
-0.103402
-0.051038
0.008532
0.043693
-0.057953
0.074260
-0.020236
0.006768
0.053578
0.006576
0.042829
0.093867
0.096400
0.123883
0.123020
0.172971
0.156767
0.070047
0.071682
0.098419
0.024391
-0.005166
-0.021533
-0.058345
-0.013860
-0.057797
0.011969
0.083637
0.000584
0.068609
0.060158
0.105367
0.049384
0.051365
0.013699
0.080690
0.022384
0.069807
0.127853
0.138282
0.097477
0.107781
0.036934
0.050492
0.033565
0.023563
0.022955
0.054312
0.035499
0.011953
-0.032884
-0.069018
0.003811
0.026436
-0.048367
-0.023048
-0.002039
0.009792
-0.055262
-0.040210
0.012693
-0.030193
-0.023385
-0.086257
-0.049158
-0.009709
-0.057925
-0.279118
-0.020500
-0.033115
0.143664
-0.124648
0.058076
0.259461
0.123864
0.118174
0.141866
0.119541
0.047871
0.120030
0.180449
0.000483
0.049086
0.083716
0.032445
-0.023790
0.065127
0.076537
-0.053201
-0.023620
0.014235
-0.081266
-0.133150
-0.030889
-0.029594
-0.098364
-0.076329
-0.008602
-0.030447
-0.067744
0.040737
0.000666
-0.029705
0.065297
0.011567
-0.002380
-0.014380
-0.040927
-0.016395
0.033806
-0.017529
-0.005106
-0.059718
-0.020695
-0.028520
-0.038958
-0.049246
-0.069338
-0.062723
0.020137
-0.039886
-0.025212
0.015547
0.095665
0.028467
0.028545
0.074342
-0.025280
-0.002775
-0.003394
-0.053178
-0.037156
0.043951
0.034806
0.045424
0.004622
0.018981
-0.028499
0.014105
-0.022382
-0.008544
-0.030009
0.007775
-0.040589
0.025130
-0.045669
-0.003652
0.001089
-0.029946
0.001200
-0.019926
-0.024576
-0.017189
-0.035475
0.005080
0.034578
-0.038454
-0.067183
0.006666
-0.008583
-0.032813
-0.015717
-0.103846
-0.047612
-0.042811
-0.209899
-0.155727
-0.101261
-0.143377
-0.049328
-0.049337
0.023277
0.156004
-0.027117
-0.036105
-0.036115
-0.017883
-0.046548
0.120667
0.116347
-0.039112
0.063489
0.226082
0.019981
0.046165
0.107465
-0.004020
-0.134928
-0.060249
-0.022471
-0.095887
-0.065676
-0.048804
-0.082331
-0.066692
0.016428
-0.028512
-0.010086
-0.057378
0.011107
-0.011716
-0.030504
-0.000765
-0.022570
0.060232
0.008029
0.000859
0.022891
0.106542
0.060181
0.052562
-0.002932
-0.037226
-0.052635
0.029833
0.062309
0.134557
0.120329
0.128445
0.149842
0.146866
0.122548
0.121312
0.089226
0.086178
0.092810
0.056874
0.105993
0.093122
0.042584
0.062199
0.067472
0.040232
-0.039927
0.059208
0.028148
-0.045877
-0.006034
0.010914
-0.052345
-0.006139
-0.029508
-0.033829
-0.039644
-0.040226
0.016577
-0.056416
-0.033290
0.019067
-0.056390
-0.015153
