-0.320971
-0.558931
0.092208
-0.560777
-0.443560
-0.475991
0.203553
0.309992
-0.411857
-0.199227
-0.060399
-0.266231
-0.587886
-0.561361
0.250935
0.084583
-0.555387
0.289924
0.101952
-0.852492
0.405117
-0.348610
0.423662
-0.617673
-0.620910
-0.413729
-0.644787
-0.561088
-0.537128
-0.010428
0.130315
0.434359
-0.093537
-0.591211
-0.398598
0.094052
0.493939
0.528205
-0.540962
-0.547446
-0.412652
0.358206
-0.012072
0.116263
0.024286
0.142448
-0.003654
-0.543995
0.285557
0.493519
-0.400402
-0.100236
-0.681233
0.042145
0.300032
0.305950
-0.236619
0.369156
-0.054577
-0.682030
0.316439
0.118749
-0.631428
0.136926
0.000584
-0.785830
0.087921
-0.302503
0.464150
-0.529507
-0.227223
-0.693625
0.607258
-0.601302
-0.028146
-0.562292
-0.779562
-0.125386
0.137173
-0.697223
-0.756800
-0.064016
0.328535
0.255265
0.263336
-0.510153
0.278319
0.286380
0.073946
0.212975
0.427379
-0.350473
-0.805978
0.107630
-0.645053
-0.460633
-0.838408
0.298977
-0.647148
0.047484
0.161928
0.093037
0.173102
0.294206
-0.465075
-0.791789
-0.109468
-0.796772
-0.168406
0.380319
0.294297
-0.428576
0.007216
0.343994
0.225338
0.189483
0.134948
-0.667935
0.287046
-0.480219
0.255666
0.090329
-0.423338
0.428502
0.174855
-0.453032
-0.251492
0.076503
-0.446600
0.200602
-0.631523
0.106297
0.120019
0.395058
0.230914
-0.543211
-0.306321
-0.658914
0.055520
-1.049598
0.390855
0.156528
-0.877825
-0.681739
0.294811
-0.363223
-0.869512
-0.575453
-0.829047
-0.543081
-0.565879
0.295722
-0.713586
-0.679524
0.447384
0.512855
-0.158465
-0.255496
0.269149
-0.671949
-0.684147
0.295457
0.004617
-0.166370
-0.382566
-0.549418
-0.560726
-0.566095
-0.689680
0.373555
-0.287229
0.260351
-0.641769
-0.006527
0.453028
0.409479
0.295408
-0.667938
0.340886
-0.680135
0.607122
-0.415601
-0.816203
-0.255311
-0.392171
-0.011790
-0.573633
-0.288531
-0.414890
0.419002
-0.714340
-0.169693
0.502936
0.218641
-0.617551
-0.545970
0.336233
0.520933
-0.066968
-0.242862
0.394597
-0.538800
0.263125
0.094297
-0.603849
-0.492395
-0.174818
-0.468646
-0.514770
0.332643
-0.511488
-0.488438
0.265580
-0.609481
-0.623888
0.175321
-0.110361
0.257951
-0.708108
0.485308
-0.571983
-0.032910
-0.708422
0.217131
-0.687514
0.097861
0.511342
0.445710
-0.338340
0.394000
-0.144192
-0.619468
-0.298649
-0.541920
-0.422334
0.090023
-0.716786
-0.700957
-0.117865
-0.093758
-0.346528
-0.435891
0.215945
-0.732046
0.079333
0.278566
0.296747
-0.564695
0.314726
-0.638688
