100.011955 
100.009644 
100.007454 
100.005280 
100.003242 
100.001236 
99.999321 
99.997528 
99.995682 
99.993935 
99.992210 
99.990524 
99.988838 
99.987221 
99.985611 
99.983963 
99.982353 
99.980759 
99.979164 
99.977478 
99.975800 
99.974174 
99.972458 
99.970718 
99.968941 
99.967163 
99.965347 
99.963455 
99.961548 
99.959564 
99.957489 
99.955391 
99.953239 
99.950989 
99.948639 
99.946289 
99.943771 
99.941193 
99.938515 
99.935760 
99.932869 
99.929878 
99.926773 
99.923546 
99.920158 
99.916649 
99.913002 
99.909187 
99.905266 
99.901138 
99.896782 
99.892296 
99.887642 
99.882797 
99.877663 
99.872322 
99.866837 
99.861046 
99.854988 
99.848679 
99.842079 
99.835167 
99.827957 
99.820480 
99.812569 
99.804405 
99.795753 
99.786850 
99.777420 
99.767555 
99.757324 
99.746574 
99.735321 
99.723579 
99.711250 
99.698395 
99.684853 
99.670761 
99.655998 
99.640533 
99.624298 
99.607353 
99.589554 
99.570938 
99.551468 
99.531052 
99.509613 
99.487206 
99.463715 
99.439079 
99.413307 
99.386253 
99.357864 
99.328148 
99.296974 
99.264221 
99.229950 
99.194054 
99.156334 
99.116791 
99.075371 
99.031914 
98.986305 
98.938492 
98.888329 
98.835732 
98.780571 
98.722725 
98.662010 
98.598373 
98.531677 
98.461662 
98.388298 
98.311325 
98.230721 
98.146118 
98.057533 
97.964706 
97.867317 
97.765396 
97.658623 
97.546730 
97.429642 
97.307037 
97.178696 
97.044456 
96.904015 
96.757179 
96.603600 
96.443153 
96.275536 
96.100426 
95.917648 
95.726883 
95.527885 
95.320396 
95.104057 
94.878754 
94.644066 
94.399818 
94.145668 
93.881317 
93.606628 
93.321274 
93.024879 
92.717339 
92.398277 
92.067574 
91.724838 
91.369873 
91.002472 
90.622368 
90.229324 
89.823166 
89.403572 
88.970421 
88.523476 
88.062492 
87.587364 
87.097763 
86.593666 
86.074730 
85.540886 
84.991936 
84.427765 
83.848083 
83.252914 
82.641998 
82.015205 
81.372536 
80.713760 
80.038895 
79.347847 
78.640579 
77.917107 
77.177536 
76.421799 
75.650146 
74.862679 
74.059685 
73.241470 
72.408379 
71.560822 
70.699379 
69.824623 
68.937202 
68.037903 
67.127510 
66.206932 
65.277138 
64.339104 
63.393955 
62.442730 
61.486618 
60.526695 
59.564098 
58.600029 
57.635567 
56.671772 
55.709755 
54.750576 
53.795124 
52.844315 
51.899120 
50.960262 
50.028561 
49.104706 
48.189320 
47.283039 
46.386410 
45.499916 
44.624020 
43.759155 
42.905628 
42.063828 
41.234062 
40.416573 
39.611595 
38.819378 
38.040012 
37.273746 
36.520638 
35.780869 
35.054417 
34.341412 
33.641903 
32.955902 
32.283382 
31.624376 
30.978815 
30.346655 
29.727839 
29.122261 
28.529860 
27.950487 
27.384039 
26.830378 
26.289354 
25.760794 
25.244553 
24.740467 
24.248316 
23.767897 
23.299074 
22.841557 
22.395182 
21.959755 
21.535011 
21.120770 
20.716770 
20.322817 
19.938679 
19.564169 
19.199007 
18.842983 
18.495903 
18.157528 
17.827650 
17.506021 
17.192472 
16.886778 
16.588737 
16.298143 
16.014799 
15.738502 
15.469078 
15.206329 
14.950059 
14.700121 
14.456306 
14.218472 
13.986436 
13.760022 
13.539097 
13.323525 
13.113126 
12.907750 
12.707261 
12.511523 
12.320402 
12.133768 
11.951481 
11.773451 
11.599524 
11.429608 
11.263576 
11.101329 
10.942753 
10.787740 
10.636212 
10.488057 
10.343167 
10.201476 
10.062887 
9.927315 
9.794662 
9.664859 
9.537853 
9.413540 
9.291855 
9.172723 
9.056073 
8.941837 
8.829974 
8.720398 
8.613050 
8.507880 
8.404824 
8.303836 
8.204838 
8.107793 
8.012658 
7.919381 
7.827909 
7.738200 
7.650219 
7.563906 
7.479226 
7.396136 
7.314594 
7.234563 
7.156019 
7.078918 
7.003222 
6.928892 
6.855906 
6.784215 
6.713795 
6.644625 
6.576679 
6.509898 
6.444280 
6.379797 
6.316415 
6.254114 
6.192875 
6.132659 
6.073459 
6.015242 
5.957971 
5.901655 
5.846253 
5.791755 
5.738130 
5.685369 
5.633440 
5.582339 
5.532050 
5.482548 
5.433811 
5.385830 
5.338587 
5.292072 
5.246262 
5.201147 
5.156707 
5.112939 
5.069825 
5.027343 
4.985493 
4.944254 
4.903609 
4.863541 
4.824069 
4.785157 
4.746796 
4.708975 
4.671687 
4.634922 
4.598661 
4.562917 
4.527661 
4.492891 
4.458587 
4.424741 
4.391364 
4.358432 
4.325937 
4.293877 
4.262236 
4.231017 
4.200197 
4.169781 
4.139761 
4.110117 
4.080857 
4.051974 
4.023451 
3.995293 
3.967487 
3.940023 
3.912903 
3.886118 
3.859664 
3.833535 
3.807722 
3.782218 
3.757018 
3.732121 
3.707530 
3.683221 
3.659204 
3.635469 
3.612011 
3.588829 
3.565912 
3.543258 
3.520864 
3.498724 
3.476842 
3.455207 
3.433820 
3.412668 
3.391750 
3.371062 
3.350606 
3.330374 
3.310366 
3.290573 
3.270996 
3.251629 
3.232471 
3.213526 
3.194776 
3.176225 
3.157870 
3.139710 
3.121740 
3.103953 
3.086351 
3.068935 
3.051694 
3.034635 
3.017752 
3.001038 
2.984492 
2.968115 
2.951900 
2.935845 
2.919951 
2.904218 
2.888642 
2.873213 
2.857932 
2.842801 
2.827819 
2.812978 
2.798283 
2.783733 
2.769317 
2.755038 
2.740895 
2.726884 
2.713003 
2.699256 
2.685639 
2.672145 
2.658775 
2.645528 
2.632402 
2.619398 
2.606513 
2.593742 
2.581091 
2.568550 
2.556123 
2.543808 
2.531600 
2.519500 
2.507505 
2.495617 
2.483835 
2.472154 
2.460579 
2.449096 
2.437716 
2.426435 
2.415254 
2.404166 
2.393172 
2.382270 
2.371459 
2.360739 
2.350108 
2.339565 
2.329107 
2.318738 
2.308453 
2.298254 
2.288140 
2.278108 
2.268156 
2.258288 
2.248497 
2.238786 
2.229154 
2.219598 
2.210119 
2.200715 
2.191383 
