0.922496 
0.918262 
0.928586 
0.930975 
0.914177 
0.918905 
0.899885 
0.928725 
0.923532 
0.922247 
0.926889 
0.910151 
0.930784 
0.915131 
0.925653 
0.911562 
0.908160 
0.897836 
0.901063 
0.926575 
0.930818 
0.930227 
0.923193 
0.927661 
0.898220 
0.928353 
0.921654 
0.929529 
0.927125 
0.929608 
0.924965 
0.929280 
0.934976 
0.926761 
0.918335 
0.920745 
0.910127 
0.921721 
0.929348 
0.928362 
0.923612 
0.903504 
0.914522 
0.919014 
0.930579 
0.934205 
0.919347 
0.935733 
0.919109 
0.913239 
0.048996 
0.069541 
0.052663 
0.059579 
0.054134 
0.066644 
0.058945 
0.057110 
0.058265 
0.081264 
0.060045 
0.065721 
0.074826 
0.058043 
0.056531 
0.065415 
0.052887 
0.054878 
0.073147 
0.075541 
