0.077436 
0.081668 
0.071349 
0.068960 
0.085753 
0.081026 
0.100041 
0.071209 
0.076400 
0.077685 
0.073045 
0.089777 
0.069151 
0.084799 
0.074281 
0.088367 
0.091767 
0.102090 
0.098864 
0.073359 
0.069117 
0.069708 
0.076739 
0.072272 
0.101706 
0.071581 
0.078277 
0.070406 
0.072808 
0.070326 
0.074968 
0.070655 
0.064960 
0.073172 
0.081596 
0.079186 
0.089801 
0.078210 
0.070586 
0.071573 
0.076320 
0.096422 
0.085407 
0.080917 
0.069356 
0.065732 
0.080584 
0.064204 
0.080822 
0.086690 
0.951081 
0.930555 
0.947417 
0.940508 
0.945948 
0.933450 
0.941141 
0.942975 
0.941821 
0.918841 
0.940043 
0.934371 
0.925274 
0.942043 
0.943553 
0.934678 
0.947194 
0.945204 
0.926952 
0.924560 
