0.887315 
0.885088 
0.923126 
0.917959 
0.925346 
0.926302 
0.907267 
0.926540 
0.923672 
0.927832 
0.917442 
0.914218 
0.918660 
0.919889 
0.927022 
0.928170 
0.927245 
0.926035 
0.927974 
0.915813 
0.888320 
0.919165 
0.930749 
0.916653 
0.931714 
0.928941 
0.927480 
0.919923 
0.920919 
0.913134 
0.920291 
0.934908 
0.904257 
0.934155 
0.907048 
0.928546 
0.915438 
0.919189 
0.891209 
0.925848 
0.928322 
0.933875 
0.909615 
0.922067 
0.914682 
0.917176 
0.911377 
0.928576 
0.928043 
0.915001 
0.926434 
0.917631 
0.906756 
0.926120 
0.926263 
0.925579 
0.915482 
0.925155 
0.915481 
0.917075 
0.911253 
0.912053 
0.925866 
0.929814 
0.916195 
0.931261 
0.933027 
0.910110 
0.919066 
0.932000 
0.919934 
0.934376 
0.919816 
0.927243 
0.924577 
0.922912 
0.935152 
0.917341 
0.915278 
0.897472 
0.927492 
0.918724 
0.926592 
0.924464 
0.926384 
0.919256 
0.920718 
0.911343 
0.927415 
0.915670 
0.911418 
0.923398 
0.930333 
0.904778 
0.911145 
0.909697 
0.925341 
0.924077 
0.920956 
0.932001 
0.046962 
0.046504 
0.065095 
0.059397 
0.068504 
0.070248 
0.052680 
0.070710 
0.065863 
0.073437 
0.058945 
0.056505 
0.060037 
0.061251 
0.071673 
0.074201 
0.072127 
0.069729 
0.073760 
0.057642 
0.047092 
0.060512 
0.081463 
0.058294 
0.084988 
0.076114 
0.072649 
0.061274 
0.062347 
0.055818 
0.061675 
0.101513 
0.051471 
0.096675 
0.052600 
0.075121 
0.057362 
0.060539 
0.047720 
0.069408 
0.074559 
0.095053 
0.053802 
0.063714 
0.056835 
0.058726 
0.054757 
0.075220 
0.073923 
0.057041 
0.070497 
0.059114 
0.052476 
0.069905 
0.070166 
0.068910 
0.057394 
0.068187 
0.057403 
0.058644 
0.054676 
0.055153 
0.069428 
0.078558 
0.057925 
0.083272 
0.090600 
0.054078 
0.060429 
0.086095 
0.061287 
0.097974 
0.061170 
0.072122 
0.067243 
0.064804 
0.103069 
0.058866 
0.057237 
0.049259 
0.072663 
0.060090 
0.070788 
0.067055 
0.070381 
0.060597 
0.062124 
0.054729 
0.072507 
0.057542 
0.054767 
0.065474 
0.080166 
0.051643 
0.054618 
0.053839 
0.068495 
0.066468 
0.062391 
0.086095 
