0.112609 
0.114836 
0.076806 
0.081971 
0.074587 
0.073631 
0.092660 
0.073393 
0.076260 
0.072101 
0.082488 
0.085712 
0.081271 
0.080041 
0.072911 
0.071764 
0.072689 
0.073898 
0.071960 
0.084116 
0.111604 
0.080765 
0.069186 
0.083277 
0.068221 
0.070993 
0.072453 
0.080008 
0.079012 
0.086795 
0.079640 
0.065029 
0.095670 
0.065781 
0.092879 
0.071388 
0.084491 
0.080741 
0.108715 
0.074085 
0.071612 
0.066062 
0.090313 
0.077864 
0.085247 
0.082754 
0.088552 
0.071358 
0.071890 
0.084929 
0.073499 
0.082299 
0.093171 
0.073813 
0.073670 
0.074354 
0.084447 
0.074777 
0.084448 
0.082855 
0.088675 
0.087876 
0.074067 
0.070121 
0.083735 
0.068674 
0.066909 
0.089818 
0.080865 
0.067935 
0.079997 
0.065560 
0.080114 
0.072690 
0.075356 
0.077019 
0.064785 
0.082589 
0.084652 
0.102453 
0.072442 
0.081207 
0.073341 
0.075469 
0.073549 
0.080675 
0.079213 
0.088586 
0.072518 
0.084260 
0.088510 
0.076534 
0.069601 
0.095149 
0.088783 
0.090231 
0.074592 
0.075855 
0.078975 
0.067935 
0.953113 
0.953571 
0.934998 
0.940691 
0.931591 
0.929849 
0.947401 
0.929387 
0.934230 
0.926663 
0.941142 
0.943580 
0.940051 
0.938838 
0.928425 
0.925899 
0.927971 
0.930367 
0.926340 
0.942444 
0.952984 
0.939577 
0.918642 
0.941793 
0.915120 
0.923987 
0.927450 
0.938815 
0.937743 
0.944266 
0.938415 
0.898605 
0.948609 
0.903440 
0.947480 
0.924980 
0.942723 
0.939550 
0.952356 
0.930688 
0.925541 
0.905061 
0.946280 
0.936378 
0.943250 
0.941360 
0.945326 
0.924881 
0.926177 
0.943044 
0.929600 
0.940973 
0.947605 
0.930191 
0.929931 
0.931186 
0.942691 
0.931908 
0.942683 
0.941442 
0.945406 
0.944930 
0.930668 
0.921545 
0.942161 
0.916834 
0.909512 
0.946005 
0.939660 
0.914014 
0.938802 
0.902142 
0.938919 
0.927977 
0.932851 
0.935288 
0.897050 
0.941220 
0.942848 
0.950819 
0.927436 
0.939998 
0.929309 
0.933039 
0.929716 
0.939491 
0.937966 
0.945354 
0.927592 
0.942544 
0.945316 
0.934619 
0.919938 
0.948437 
0.945465 
0.946243 
0.931600 
0.933626 
0.937699 
0.914014 
