2.678667
2.675657
2.677513
2.676314
2.681422
2.675619
2.678318
2.679048
2.676489
2.676770
2.679359
2.681409
2.678079
2.678029
2.680861
2.680117
2.682392
2.680372
2.683580
2.683963
2.683941
2.683940
2.685668
2.688496
2.689269
2.688234
2.690806
2.690306
2.691115
2.694348
2.696294
2.696702
2.700449
2.698271
2.699904
2.704400
2.702744
2.704927
2.707752
2.708077
2.710182
2.714396
2.714802
2.712907
2.718453
2.721946
2.723918
2.724536
2.728133
2.730600
2.731662
2.734821
2.737253
2.737563
2.743576
2.744592
2.747208
2.747813
2.751423
2.755252
2.756569
2.760293
2.762341
2.765574
2.769099
2.771821
2.776499
2.779089
2.780554
2.787875
2.787964
2.789451
2.793604
2.796010
2.801292
2.805754
2.811755
2.809131
2.826971
2.819435
2.826561
2.829387
2.831063
2.835681
2.842159
2.844958
2.849740
2.852743
2.858023
2.859172
2.866484
2.869011
2.875711
2.877766
2.891424
2.890863
2.895879
2.900179
2.905630
2.909370
2.915807
2.919363
2.927493
2.931281
2.936176
2.942276
2.946967
2.953204
2.962015
2.964074
2.971610
2.978212
2.983478
2.989206
2.996333
3.001486
3.009280
3.015756
3.022094
3.031909
3.035543
3.043040
3.045641
3.058854
3.066543
3.070702
3.081096
3.088339
3.096148
3.103804
3.111334
3.118614
3.128706
3.131912
3.140806
3.149038
3.162168
3.169696
3.174995
3.186757
3.195277
3.206720
3.214862
3.225549
3.233817
3.242970
3.255735
3.263051
3.271693
3.284890
3.292087
3.303188
3.313815
3.325195
3.335806
3.347495
3.357345
3.367914
3.380157
3.392421
3.402957
3.415805
3.429479
3.438716
3.454572
3.464014
3.478565
3.491252
3.505754
3.516813
3.532670
3.546507
3.559119
3.574507
3.596941
3.603769
3.611126
3.631872
3.645920
3.664297
3.679320
3.695976
3.713137
3.727307
3.746113
3.761395
3.780023
3.798246
3.812422
3.832100
3.849372
3.867362
3.889782
3.910364
3.926988
3.945568
3.964409
3.988089
4.009556
4.029683
4.053977
4.075773
4.095470
4.117641
4.142234
4.166424
4.189081
4.216026
4.239597
4.264724
4.289673
4.317914
4.339924
4.370310
4.395324
4.427207
4.452957
4.482806
4.512743
4.544244
4.573102
4.604863
4.635996
4.670687
4.705396
4.736339
4.773623
4.806608
4.844903
4.881159
4.918558
4.957049
4.995341
5.035176
5.081457
5.119676
5.164183
5.205156
5.248113
5.295337
5.343182
5.392340
5.437794
5.491376
5.541739
5.593766
5.648630
5.703820
5.760527
5.816984
5.881783
5.938274
6.003753
6.064149
6.132814
6.198974
6.269325
6.341685
6.413951
6.493765
6.570294
6.651621
6.732750
6.819115
6.909078
6.997748
7.092860
7.189492
7.288305
7.395064
7.495507
7.610373
7.725773
7.844235
7.963299
8.092748
8.224671
8.362027
8.504335
8.654372
8.807797
8.967574
9.134104
9.309525
9.491899
9.683666
9.882863
10.092187
10.309968
10.539753
10.781781
11.037004
11.306329
11.588300
11.883742
12.200819
12.533569
12.886773
13.265779
13.663721
14.095851
14.555630
15.047923
15.578651
16.150011
16.766477
17.435842
18.167327
18.963610
19.838958
20.799117
21.866782
23.057473
24.386299
25.887876
27.596038
29.553622
31.815943
34.478742
37.635744
41.448436
46.147380
52.078841
59.797849
70.259400
85.238614
108.476570
149.384565
240.480346
620.790216
1054.627265
284.180134
163.902879
115.004488
88.486104
71.844586
60.432441
52.113342
45.783280
40.803513
36.784707
33.474807
30.696949
28.336541
26.306873
24.539581
22.986039
21.612908
20.392502
19.297570
18.307653
17.411779
16.594815
15.848231
15.162611
14.531973
13.948984
13.410504
12.907558
12.441131
12.004801
11.594824
11.209290
10.851503
10.510893
10.191245
9.886415
9.601871
9.331142
9.073807
8.826679
8.597330
8.374575
8.161992
7.958998
7.765373
7.581739
7.403148
7.232924
7.072976
6.918389
6.765164
6.618622
6.483643
6.350338
6.222208
6.099123
5.976655
5.864459
5.751518
5.640767
5.536551
5.434890
5.336367
5.242557
5.148917
5.061920
4.974120
4.892680
4.809658
4.729632
4.652893
4.580482
4.508520
4.435029
4.367556
4.301543
4.231433
4.170926
4.109351
4.049226
3.990800
3.933910
3.875522
3.824978
3.768454
3.715531
3.665061
3.615152
3.566005
3.518632
3.472506
3.429804
3.380995
3.342414
3.296215
3.258215
3.215618
3.176527
3.133549
3.097984
3.058699
3.025614
2.987537
2.952114
2.918280
2.883882
2.850039
2.817682
2.785254
2.755726
2.724689
2.693857
2.663316
2.634229
2.605469
2.574234
2.550422
2.520415
2.493482
2.468710
2.442654
2.415930
2.391930
2.366744
2.344236
2.318499
2.296342
2.273924
2.250976
2.230406
2.206394
2.186359
2.163197
2.143687
2.122542
2.101980
2.081529
2.062591
2.044750
2.024905
2.005389
1.988677
1.966607
1.948817
1.931855
1.916369
1.897621
1.877671
1.864658
1.845690
1.832013
1.815004
1.799175
1.780344
1.763477
1.757200
1.738256
1.724831
1.708349
1.695015
1.678520
1.664565
1.652546
1.637754
1.627456
1.611213
1.598758
1.585513
1.574421
1.562886
1.550762
1.533904
1.523022
1.513969
1.498223
1.486582
1.475577
1.463070
1.451947
1.438839
1.430477
1.420445
1.407584
1.397087
1.386640
1.377121
1.365710
1.353402
1.347094
1.335824
1.327182
1.317236
1.307891
1.297817
1.287761
1.277780
1.268669
1.261390
1.249533
1.240048
1.235281
1.226400
1.214889
1.209799
1.197179
1.192347
1.185544
1.175067
1.169781
1.160781
1.150011
1.142078
1.135316
1.127649
1.119058
1.110147
1.106299
1.095555
1.093385
1.084237
1.077292
1.069798
1.064716
1.057334
1.050224
1.039683
1.036541
1.025430
1.021985
1.017641
1.007941
1.001089
0.995196
0.989946
0.982489
0.980373
0.971398
0.964452
0.960586
0.953865
0.951527
0.942643
0.936571
0.930889
0.925083
0.919820
0.916423
0.906479
0.903514
0.899012
0.893664
0.887872
0.882623
0.880899
0.873586
0.867938
0.863268
0.855203
0.853810
0.845308
0.844093
0.841595
0.831900
0.829279
0.825764
0.821112
0.814633
0.814150
0.810990
0.803083
0.799700
0.793640
0.788060
0.786305
0.778853
0.777151
0.775762
0.767571
0.763869
0.761731
0.757718
0.752871
0.749319
0.744439
0.741298
0.738731
0.735444
0.730689
0.725507
0.721243
0.717905
0.715513
0.712601
0.710686
0.706023
0.699768
0.696145
0.697128
0.690422
0.686778
0.686024
0.682275
0.677910
0.675013
0.669596
0.669112
0.665036
0.663259
0.660348
0.659205
0.651499
0.650913
0.648209
0.646941
0.640519
0.638211
0.636283
0.634355
0.630701
0.626677
0.626786
0.622470
0.618107
0.616570
0.617524
0.612294
0.607078
0.608885
0.603222
0.601040
0.599336
0.598121
0.595015
0.593208
0.592616
0.586050
0.585468
0.581216
0.581201
0.579235
0.575483
0.576179
0.571855
0.568236
0.567745
0.565261
0.563554
0.562243
0.559081
0.558267
0.554262
0.554312
0.553554
0.548774
0.548522
0.544443
0.544199
0.541010
0.538298
0.538245
0.534685
0.534209
0.534306
0.530710
0.531783
0.525565
0.525105
0.523087
0.522890
0.519752
0.518835
0.519680
0.514931
0.511922
0.510332
0.510406
0.509214
0.506800
0.504060
0.504304
0.504332
0.504261
0.498284
0.499936
0.499498
0.496226
0.494073
0.493065
0.492438
0.491837
0.488750
0.488649
0.486812
0.484767
0.487276
0.483618
0.483321
0.482267
0.484658
0.479103
0.476729
0.478197
0.475500
0.477486
0.471854
0.477554
0.499463
0.463835
0.462662
0.464992
0.469933
0.467251
0.462668
0.463792
0.462579
0.460165
0.461286
0.462013
0.458780
0.460226
0.456553
0.455313
0.460215
0.455969
0.450740
0.454050
0.453807
0.452448
0.451364
0.451065
0.451248
0.448483
0.449772
0.447927
0.446367
0.447200
0.446124
0.444760
0.443968
0.445921
0.442622
0.440963
0.443127
0.440708
0.438803
0.440158
0.438206
0.437806
0.437450
0.436641
0.434204
0.435237
0.436293
0.434983
0.435338
0.432399
0.434171
0.433184
0.431597
0.429839
0.431212
0.431641
0.430853
0.427186
0.432098
0.428670
0.431449
0.430746
0.427614
0.427769
0.427395
0.427789
0.426348
0.426446
0.426209
0.425082
0.424382
0.423642
0.424273
0.423904
0.422824
0.422393
0.422710
0.424742
0.424247
0.420695
0.421363
0.422321
0.422405
0.422594
0.421033
0.421704
0.422694
0.421915
0.420239
0.420896
0.419648
0.420809
0.423904
0.419958
0.420169
0.417390
0.417991
0.419572
0.414243
0.420605
0.424097
0.418035
0.422268
0.420283
0.420575
0.419284
0.418099
0.420357
0.422213
0.417491
0.420759
0.419001
0.420360
0.417632
0.419154
0.421294
0.419886
0.420560
0.418740
0.420614
0.419600
0.420575
0.420525
0.417639
0.419706
0.419815
0.419178
0.419561
0.418341
0.417090
0.420797
0.421090
0.419300
0.421397
0.418320
0.422175
0.421101
0.420595
0.418807
0.421881
0.421829
0.418328
0.421628
0.420337
0.421844
0.422744
0.422695
0.421383
0.424592
0.421356
0.419020
0.420877
0.422575
0.421413
0.426227
0.423984
0.421837
0.421853
0.422366
0.422525
0.424567
0.424712
0.424554
0.427813
0.423836
0.426935
0.425057
0.427231
0.425237
0.423623
0.427464
0.424549
0.427488
0.426959
0.428403
0.427975
0.429785
0.428416
0.428197
0.429120
0.431622
0.428029
0.428620
0.429452
0.428174
0.430244
0.430570
0.430907
0.433773
0.430941
0.433018
0.432148
0.434212
0.433023
0.435756
0.432723
0.432989
0.433386
0.434261
0.435204
0.436810
0.435740
0.438693
0.438165
0.439415
0.437723
0.436543
0.436660
0.437499
0.436683
0.440458
0.438921
0.436933
0.440008
0.440813
0.438311
0.442565
0.440759
0.440490
0.443691
0.438624
0.444107
0.442279
0.444003
0.444316
0.443621
0.447619
0.446451
0.443692
0.447380
0.449090
0.447879
0.446911
0.448571
0.446795
0.449507
0.446022
0.448754
0.447978
0.452805
0.450591
0.451022
0.448695
0.451027
0.456478
0.454648
0.450545
0.453137
0.455349
0.455551
0.457932
0.456588
0.454779
0.457855
0.457795
0.459674
0.458280
0.459331
0.458263
0.459725
0.460303
0.461091
0.461881
0.459999
0.461503
0.463105
0.461260
0.464191
0.462181
0.465063
0.463771
0.465340
0.465663
0.468755
0.468106
0.469858
0.464904
0.468537
0.466977
0.469121
0.471632
0.469234
0.470393
0.470589
0.472734
0.476132
0.469688
0.473537
0.474632
0.474502
0.473895
0.477286
0.477158
0.476350
0.476947
0.477696
0.479254
0.479582
0.481708
0.480787
0.482245
0.482661
0.480608
0.479799
0.481998
0.483495
0.485322
0.484116
0.484917
0.484704
0.486670
0.486974
0.486148
0.488676
0.488663
0.488619
0.488560
0.491306
0.491972
0.488882
0.492198
0.491817
0.493390
0.488122
0.496233
0.496237
0.493483
0.498170
0.496524
0.496946
0.497246
0.498924
0.498977
0.495174
0.500620
0.499740
0.499479
0.502704
0.503391
0.503870
0.501611
0.501917
0.505473
0.506893
0.504206
0.505433
0.509963
0.506853
0.508042
0.509974
0.508756
0.509260
0.511555
0.512450
0.512041
0.512260
0.515051
0.513665
0.513153
0.513967
0.514878
0.515830
0.515932
0.514496
0.519465
0.520071
0.520798
0.520026
0.519262
0.524246
0.522140
0.520913
0.524140
0.525078
0.527492
0.524324
0.525376
0.526351
0.528608
0.526472
0.528284
0.530883
0.530007
0.531500
0.531035
0.530564
0.534099
0.531513
0.536081
0.537436
0.536308
0.536719
0.538969
0.538651
0.537209
0.539118
0.539148
0.540439
0.540488
0.542325
0.543142
0.543687
0.542641
0.544113
0.545550
0.546608
0.543782
0.546960
0.553133
0.552491
0.548937
0.550740
0.553457
0.551910
0.552931
0.554696
0.557166
0.555939
0.555731
0.557330
0.559065
0.559035
0.561427
0.564888
0.556249
0.559562
0.558862
0.559943
0.560089
0.565383
0.562970
0.564909
0.564838
0.565214
0.566432
0.567502
0.568573
0.571188
0.570535
0.570836
0.573265
0.570950
0.575225
0.572279
0.576202
0.576096
0.576191
0.578194
0.578715
0.580536
0.581309
0.579827
0.580763
0.582892
0.582470
0.581712
0.584481
0.584996
0.585585
0.589231
0.585788
0.588004
0.587282
0.590243
0.591093
0.589575
0.592758
0.594828
0.592996
0.595983
0.596906
0.597758
0.597883
0.598616
0.597893
0.600113
0.603970
0.599044
0.602748
0.603774
0.605258
0.606825
0.606181
0.606850
0.606537
0.608887
0.609311
0.610923
0.612380
0.611851
0.612577
0.616039
0.615238
0.614675
0.616320
0.618103
0.618380
0.620183
0.618511
0.621986
0.618641
0.622796
0.622298
0.623577
0.622918
0.621777
0.632339
0.630600
0.625494
0.631452
0.632546
0.632028
0.631864
0.633892
0.633467
0.633391
0.636405
0.636603
0.636937
0.636252
0.641005
0.639593
0.644859
0.641053
0.643434
0.644279
0.645498
0.645785
0.646585
0.648808
0.648560
0.651129
0.648871
0.649849
0.650779
0.653441
0.656923
0.655917
0.656972
0.659441
0.658438
0.659526
0.661719
0.661147
0.661835
0.662912
0.663785
0.664769
0.667397
0.667809
0.669629
0.668158
0.671957
0.673256
0.670015
0.672740
0.674084
0.678579
0.676709
0.676617
0.677796
0.677448
0.680063
0.679957
0.684518
0.684972
0.683555
0.686516
0.687115
0.687875
0.687857
0.690706
0.688734
0.692087
0.692642
0.694185
0.694394
0.691756
0.698219
0.696197
0.702343
0.701334
0.703468
0.703806
0.705973
0.704322
0.705845
0.705591
0.709988
0.708463
0.710475
0.711042
0.714269
0.715432
0.714746
0.716600
0.718331
0.718423
0.718958
0.719938
0.723961
0.725563
0.727996
0.724696
0.727452
0.729602
0.731377
0.731151
0.730253
0.733706
0.733338
0.732624
0.737698
0.737515
0.740547
0.740716
0.740590
0.744030
0.745263
0.743668
0.747370
0.747042
0.751600
0.751037
0.751951
0.754352
0.753297
0.755638
0.756625
0.758097
0.760303
0.761798
0.762821
0.761976
0.765236
0.765162
0.768669
0.767532
0.770374
0.772643
0.772334
0.774209
0.777031
0.777651
0.776544
0.780841
0.782019
0.783705
0.784855
0.785716
0.787650
0.789600
0.788366
0.791312
0.794199
0.794942
0.793861
0.797875
0.800484
0.805881
0.796154
0.799227
0.801412
0.805700
0.806424
0.807208
0.809313
0.814015
0.812666
0.814595
0.816779
0.820179
0.819213
0.821158
0.824220
0.819849
0.825444
0.825708
0.826697
0.830253
0.831744
0.833321
0.835577
0.835009
0.836404
0.840198
0.842552
0.841639
0.847087
0.847510
0.849025
0.850983
0.852518
0.853999
0.854299
0.858035
0.859091
0.862564
0.863904
0.863800
0.866693
0.865868
0.869169
0.872209
0.872035
0.875204
0.875998
0.879635
0.879966
0.881901
0.885700
0.887585
0.888021
0.889987
0.892568
0.894621
0.898033
0.901163
0.898840
0.901466
0.903190
0.907773
0.912331
0.911973
0.913776
0.913794
0.914373
0.919851
0.923162
0.923945
0.925510
0.927699
0.930305
0.935219
0.937752
0.940250
0.940442
0.943062
0.949252
0.947714
0.951392
0.953076
0.955271
0.962175
0.962862
0.964877
0.969369
0.969554
0.973121
0.974168
0.979430
0.984477
0.985434
0.989072
0.993073
0.995075
0.999540
0.999961
1.006376
1.009205
1.013803
1.017503
1.020802
1.023431
1.028007
1.034189
1.039110
1.040004
1.044657
1.051828
1.052552
1.059624
1.064334
1.068861
1.072080
1.077704
1.083633
1.091096
1.096848
1.102401
1.108902
1.117860
1.122736
1.130424
1.138605
1.145127
1.156357
1.163251
1.169552
1.179783
1.191000
1.198139
1.214356
1.223926
1.238291
1.252034
1.263149
1.281480
1.296859
1.310933
1.332757
1.350547
1.373190
1.395034
1.423029
1.448883
1.480567
1.513658
1.549693
1.590357
1.636146
1.687197
1.744444
1.809587
1.882712
1.964683
2.062649
2.174986
2.303744
2.460371
2.641891
2.866067
3.147934
3.501069
3.959215
4.580629
5.457993
6.781024
9.010311
13.516221
27.267169
1336.008441
26.239059
13.298258
8.938865
6.760016
5.459735
4.597851
3.989521
3.537995
3.187853
2.914738
2.695564
2.516384
2.366777
2.240836
2.135479
2.040666
1.964446
1.896433
1.835452
1.783941
1.739522
1.699126
1.660744
1.630364
1.601888
1.574091
1.553805
1.533643
1.516776
1.498676
1.484396
1.471862
1.457807
1.445268
1.437477
1.428814
1.420342
1.416407
1.409120
1.400132
1.394508
1.388715
1.386665
1.384572
1.380654
1.379293
1.375508
1.375096
1.373029
1.372964
1.371225
1.369236
1.368039
1.369438
1.368607
1.368612
1.369598
1.368710
1.369306
1.367942
1.371082
1.370223
1.373569
1.373754
1.378345
1.376926
1.380031
1.379705
1.379905
1.386253
1.387265
1.389313
1.392681
1.390009
1.396353
1.397790
1.401058
1.403125
1.405836
1.408320
1.410301
1.410208
1.418444
1.420244
1.422408
1.425964
1.428721
1.430984
1.436054
1.440162
1.442452
1.446318
1.449681
1.455328
1.460072
1.462212
1.467422
1.470102
1.471455
1.475058
1.479665
1.484857
1.488571
1.489079
1.499320
1.499035
1.503349
1.509319
1.512558
1.518918
1.522139
1.526541
1.529075
1.534531
1.539176
1.544746
1.549011
1.553901
1.560318
1.565891
1.566492
1.572792
1.578490
1.583763
1.590137
1.592338
1.597440
1.604071
1.611184
1.614027
1.619440
1.626749
1.632716
1.638472
1.642083
1.645786
1.652061
1.656570
1.662951
1.668072
1.675042
1.680967
1.686807
1.692779
1.696843
1.702704
1.710673
1.716422
1.724885
1.728492
1.732294
1.742926
1.747403
1.758430
1.761400
1.762456
1.776163
1.778491
1.786301
1.794763
1.802475
1.807993
1.815235
1.821950
1.828476
1.839577
1.841791
1.847252
1.857374
1.864889
1.873237
1.881788
1.885801
1.896357
1.903318
1.909694
1.917423
1.928027
1.936064
1.942605
1.951036
1.959620
1.967501
1.975389
1.986126
1.993825
1.999849
2.010074
2.020739
2.025017
2.038103
2.049880
2.053581
2.063755
2.073437
2.083264
2.091532
2.102168
2.113631
2.119463
2.132459
2.143669
2.150578
2.160013
2.168340
2.182330
2.191691
2.203339
2.214556
2.224322
2.234216
2.245658
2.255448
2.267975
2.276957
2.291731
2.302284
2.313082
2.326985
2.336680
2.351332
2.364291
2.374556
2.383948
2.400658
2.412533
2.423341
2.438254
2.450834
2.467959
2.479233
2.492299
2.507233
2.520289
2.535543
2.549526
2.563483
2.578004
2.594614
2.605172
2.620729
2.637988
2.654201
2.670230
2.687196
2.702466
2.715972
2.733570
2.752189
2.771462
2.787837
2.795567
2.822374
2.829970
2.852346
2.869463
2.890626
2.910821
2.932183
2.951153
2.969570
2.989269
3.008697
3.027482
3.049533
3.071900
3.092945
3.112776
3.133199
3.161777
3.180446
3.202456
3.227024
3.252252
3.277216
3.296591
3.320777
3.349388
3.374516
3.399257
3.427328
3.453255
3.478903
3.508442
3.533246
3.563361
3.590858
3.623112
3.652867
3.681646
3.713433
3.743989
3.776381
3.810388
3.843724
3.875052
3.909257
3.944905
3.983463
4.017142
4.054790
4.092680
4.130874
4.171763
4.209148
4.251901
4.291318
4.336538
4.376692
4.426827
4.468371
4.510046
4.562234
4.607055
4.657227
4.703609
4.759959
4.812781
4.863218
4.920528
4.974653
5.030668
5.089194
5.147960
5.212406
5.274699
5.341345
5.403927
5.471742
5.541806
5.613836
5.685828
5.761577
5.842712
5.918008
6.000722
6.083950
6.172515
6.260310
6.352459
6.446016
6.542315
6.644464
6.747635
6.852274
6.963409
7.074721
7.193244
7.318956
7.440151
7.573068
7.707520
7.847375
7.991397
8.142980
8.301245
8.463199
8.629231
8.807619
8.991062
9.184753
9.380807
9.593027
9.810172
10.036938
10.277566
10.531789
10.795956
11.070395
11.366637
11.673486
12.000860
12.346084
12.714130
13.102344
13.513572
13.952801
14.423635
14.928654
15.465344
16.046804
16.674243
17.348674
18.081499
18.881296
19.754416
20.713933
21.767625
22.941202
24.246370
25.708493
27.357667
29.233657
31.392344
33.889399
36.822935
40.310539
44.532078
49.745104
56.338452
64.955125
76.687785
93.598608
120.092373
167.524498
276.976308
799.418081
901.304464
288.120812
171.437312
122.009605
94.698701
77.371913
65.399356
56.633977
49.938878
44.658242
40.383908
36.856839
33.895154
31.370528
29.200201
27.303438
25.645080
24.169397
22.857371
21.680862
20.616994
19.654434
18.772648
17.972929
17.233804
16.553480
15.927493
15.341897
14.801424
14.294804
13.825121
13.382588
12.969392
12.576065
12.211852
11.864197
11.536891
11.229674
10.933499
10.653149
10.392257
10.138880
9.895842
9.669935
9.447145
9.237344
9.035572
8.848384
8.659837
8.485175
8.316208
8.152004
7.997064
7.844974
7.696959
7.557380
7.423354
7.291549
7.162936
7.042845
6.926984
6.813656
6.702843
6.595267
6.493280
6.391084
6.296256
6.199922
6.107986
6.020960
5.932790
5.847163
5.768479
5.685799
5.610646
5.534087
5.463094
5.391589
5.320855
5.251155
5.189871
5.120631
5.058940
4.997994
4.935170
4.877205
4.820759
4.763650
4.712296
4.659628
4.603805
4.551986
4.503939
4.453009
4.407375
4.360827
4.308598
4.260696
4.226104
4.177741
4.140605
4.094978
4.058564
4.016888
3.977150
3.935684
3.901462
3.861958
3.825883
3.790511
3.756182
3.721144
3.691113
3.654368
3.623750
3.590980
3.558210
3.528791
3.497184
3.470196
3.438187
3.408286
3.378412
3.352764
3.327372
3.300768
3.269196
3.244632
3.219025
3.193599
3.167142
3.144052
3.119023
3.095327
3.069212
3.046278
3.026454
3.000177
2.982358
2.958725
2.937015
2.915282
2.894008
2.873414
2.854556
2.832595
2.812860
2.794570
2.776343
2.754354
2.734747
2.718202
2.699752
2.682448
2.664275
2.650348
2.624730
2.609987
2.593705
2.574798
2.560110
2.543871
2.528902
2.509923
2.494353
2.478912
2.463985
2.448337
2.433061
2.418088
2.403252
2.392755
2.378662
2.362332
2.349130
2.335204
2.320085
2.307155
2.294764
2.282579
2.268583
2.255959
2.240406
2.229396
2.217881
2.207188
2.192816
2.180501
2.169702
2.153964
2.142144
2.131514
2.123818
2.112386
2.099204
2.086172
2.078967
2.066262
2.053672
2.045254
2.034012
2.024185
2.013515
2.000970
1.994029
1.979702
1.972017
1.960151
1.953206
1.941115
1.934205
1.922375
1.913876
1.905321
1.896583
1.885598
1.876265
1.871772
1.859139
1.850684
1.843636
1.833342
1.823719
1.816801
1.806936
1.800319
1.789426
1.782410
1.773823
1.764870
1.760450
1.747966
1.742677
1.734653
1.723125
1.716476
1.713688
1.705076
1.700065
1.687993
1.682801
1.675008
1.669420
1.659738
1.655829
1.647413
1.638251
1.634489
1.624102
1.618406
1.610559
1.609046
1.595742
1.584615
1.586405
1.578896
1.573381
1.565226
1.558482
1.551177
1.547228
1.539490
1.533437
1.529875
1.521998
1.517319
1.509372
1.504350
1.496592
1.494117
1.487301
1.479122
1.476113
1.469649
1.463878
1.457784
1.453761
1.446439
1.444065
1.437516
1.431276
1.425916
1.423280
1.416392
1.408633
1.404563
1.399996
1.393168
1.390281
1.381887
1.378844
1.376648
1.370227
1.363123
1.361981
1.354172
1.351134
1.342258
1.340249
1.336691
1.330526
1.326511
1.320442
1.316553
1.310282
1.307505
1.301951
1.299134
1.292883
1.287648
1.284773
1.281752
1.275257
1.269764
1.268133
1.263228
1.259490
1.254853
1.248010
1.246658
1.243129
1.236697
1.233987
1.229782
1.224474
1.223040
1.220757
1.212101
1.209863
1.206368
1.201028
1.196897
1.194019
1.189236
1.186274
1.184242
1.181162
1.177364
1.174269
1.167017
1.164998
1.162738
1.155288
1.153139
1.150168
1.146658
1.142718
1.139937
1.133739
1.133079
1.129572
1.125191
1.118652
1.120631
1.118185
1.112303
1.107319
1.104883
1.102820
1.099240
1.097132
1.090764
1.089479
1.085672
1.083663
1.076824
1.077405
1.074548
1.067927
1.067704
1.064583
1.060815
1.057280
1.055144
1.050052
1.047201
1.045854
1.040651
1.037861
1.036269
1.034981
1.031218
1.027486
1.022466
1.021298
1.016619
1.014099
1.014457
1.011650
1.008868
1.005886
1.004979
0.997968
0.996557
0.994090
0.991277
0.988416
0.987274
0.983062
0.977778
0.976999
0.974948
0.971295
0.970299
0.966496
0.965417
0.963252
0.960059
0.956644
0.954716
0.952767
0.951246
0.949696
0.943538
0.942830
0.939729
0.937237
0.936608
0.932222
0.929913
0.925852
0.929172
0.921737
0.915476
0.919723
0.913101
0.912868
0.911226
0.910125
0.902963
0.905357
0.904119
0.899181
0.895018
0.893943
0.891888
0.889966
0.889275
0.886027
0.883543
0.879773
0.880311
0.877009
0.871984
0.873127
0.871472
0.866971
0.867226
0.863263
0.861880
0.859922
0.858728
0.856567
0.854658
0.853778
0.848963
0.846335
0.844993
0.844294
0.842755
0.841636
0.837639
0.836471
0.835164
0.834062
0.830134
0.828229
0.827406
0.824139
0.824372
0.819650
0.818679
0.816953
0.815755
0.812294
0.809211
0.808478
0.807162
0.804778
0.803056
0.802710
0.800879
0.797875
0.796907
0.794599
0.791195
0.790781
0.789060
0.787109
0.784589
0.785226
0.783636
0.782391
0.779683
0.775846
0.777834
0.771288
0.771483
0.770507
0.767138
0.767208
0.765584
0.765303
0.758996
0.761065
0.761871
0.756001
0.756687
0.752436
0.752259
0.749871
0.749171
0.749316
0.742982
0.744802
0.743375
0.741931
0.737914
0.736977
0.734181
0.731796
0.733214
0.729940
0.731926
0.729617
0.724974
0.726419
0.724180
0.723570
0.719956
0.719703
0.716490
0.717491
0.714262
0.711853
0.712142
0.711587
0.710865
0.707381
0.705443
0.704641
0.702700
0.700762
0.700710
0.697855
0.695673
0.696569
0.696119
0.692704
0.691391
0.690290
0.690364
0.686296
0.685579
0.683836
0.684262
0.682482
0.678722
0.679339
0.678913
0.675044
0.675122
0.673000
0.674871
0.670371
0.672906
0.668184
0.667239
0.667619
0.664209
0.662797
0.663085
0.659512
0.657877
0.659549
0.656069
0.657062
0.651941
0.649417
0.658554
0.654894
0.649499
0.649325
0.648975
0.646972
0.645263
0.644362
0.641065
0.639219
0.638378
0.639274
0.637118
0.634532
0.633911
0.633122
0.633728
0.631270
0.630826
0.630629
0.625845
0.629223
0.627921
0.623711
0.621976
0.621551
0.622480
0.620109
0.618405
0.616151
0.615678
0.616037
0.614147
0.614630
0.611562
0.609179
0.609001
0.608625
0.609749
0.605565
0.606849
0.605262
0.602982
0.601015
0.600475
0.598647
0.598122
0.599676
0.594541
0.595332
0.593773
0.597038
0.590804
0.592716
0.591532
0.588518
0.588232
0.585400
0.587771
0.584018
0.582906
0.583552
0.582356
0.583032
0.579390
0.578458
0.579502
0.576296
0.575572
0.575840
0.574858
0.572645
0.571524
0.572735
0.570786
0.570122
0.568831
0.570287
0.567260
0.564959
0.555599
0.562801
0.558613
0.561314
0.559237
0.560739
0.557467
0.556335
0.555268
0.556640
0.553356
0.554373
0.555012
0.549876
0.551076
0.549740
0.546403
0.547679
0.543854
0.545989
0.545498
0.542848
0.545373
0.542766
0.541820
0.538883
0.537065
0.537407
0.537227
0.537020
0.537079
0.536473
0.532108
0.535727
0.534188
0.531904
0.532656
0.530373
0.528119
0.528750
0.524930
0.524160
0.523209
0.523786
0.522266
0.523226
0.523199
0.523387
0.518786
0.520358
0.518877
0.518459
0.518781
0.515630
0.517105
0.512698
0.514788
0.513292
0.511362
0.510366
0.511540
0.509252
0.508740
0.507796
0.509877
0.504291
0.504967
0.505964
0.504245
0.505300
0.505151
0.503781
0.501143
0.496133
0.499758
0.497623
0.500798
0.498397
0.496803
0.495232
0.495025
0.492542
0.495005
0.490908
0.493183
0.492859
0.488019
0.492332
0.490252
0.486784
0.486813
0.486383
0.485319
0.483449
0.483666
0.484210
0.483327
0.483179
0.478188
0.479986
0.481893
0.477983
0.479006
0.479272
0.476491
0.477664
0.475021
0.476792
0.474217
0.475701
0.473071
0.470261
0.473651
0.471193
0.472445
0.471393
0.469385
0.469966
0.465548
0.467834
0.463566
0.466890
0.465465
0.466033
0.465427
0.465465
0.461711
0.460867
0.459634
0.459820
0.460361
0.460480
0.457885
0.453782
0.455473
0.456310
0.455718
0.455464
0.455471
0.452708
0.449148
0.453440
0.451385
0.451790
0.447486
0.447779
0.447960
0.447295
0.448278
0.446695
0.446386
0.445469
0.442290
0.441202
0.443786
0.441559
0.446760
0.441750
0.440441
0.443929
0.440042
0.438978
0.438322
0.439340
0.437015
0.436444
0.436296
0.435364
0.434133
0.430795
0.432487
0.431079
0.436381
0.432696
0.431137
0.431251
0.430266
0.428777
0.429520
0.425327
0.427161
0.428674
0.427633
0.426438
0.425906
0.426711
0.427513
0.422207
0.425077
0.422109
0.422483
0.422581
0.424043
0.420085
0.422628
0.418374
0.417043
0.418925
0.417160
0.415659
0.415626
0.415081
0.414198
0.414987
0.415385
0.411965
0.412724
0.413026
0.410297
0.411830
0.410387
0.408484
0.409545
0.409069
0.407318
0.407231
0.408227
0.407609
0.407739
0.406157
0.405260
0.405375
0.404929
0.403678
0.402349
0.404776
0.401542
0.401508
0.403056
0.400974
0.398859
0.402566
0.399458
0.399426
0.398483
0.398434
0.400412
0.396068
0.395379
0.393063
0.393544
0.397804
0.392201
0.391528
0.393644
0.391788
0.395011
0.392766
0.389013
0.390292
0.389791
0.391726
0.387200
0.383350
0.394943
0.391451
0.388145
0.386359
0.384570
0.388033
0.386451
0.387594
0.383368
0.383935
0.383721
0.382784
0.383522
0.381236
0.381797
0.381309
0.380195
0.380603
0.379748
0.378727
0.379139
0.376025
0.375477
0.378102
0.374351
0.375004
0.375734
0.375061
0.373343
0.373396
0.374832
0.375217
0.372904
0.375319
0.372081
0.371413
0.371151
0.370706
0.368768
0.369308
0.367030
0.370727
0.368033
0.369036
0.367380
0.367837
0.369437
0.366496
0.365938
0.367666
0.366262
0.364099
0.365857
0.362598
0.364741
0.366894
0.363701
0.361063
0.364939
0.363087
0.360564
0.358727
0.357289
0.360894
0.360291
0.360681
0.357545
0.357733
0.358581
0.359976
0.354567
0.357324
0.356873
0.355575
0.353697
0.353045
0.354565
0.351552
0.353275
0.352456
0.357611
0.350537
0.351123
0.349686
0.350298
0.350140
0.352616
0.347448
0.349555
0.348051
0.346568
0.349350
0.347234
0.346472
0.345218
0.344445
0.350088
0.344551
0.345604
0.344313
0.347680
0.343080
0.344315
0.343018
0.342389
0.342458
0.342481
0.344142
0.340373
0.343641
0.339888
0.339501
0.338287
0.340787
0.338600
0.335864
0.337992
0.335502
0.336498
0.333801
0.334549
0.337668
0.334864
0.334298
0.334218
0.334843
0.335921
0.333722
0.332706
0.332664
0.331994
0.331790
0.332549
0.332567
0.331404
0.329532
0.328727
0.328301
0.331058
0.329725
0.328683
0.328568
0.327013
0.327207
0.326978
0.326888
0.328361
0.325304
0.325512
0.326281
0.325818
0.323105
0.322076
0.317705
0.328516
0.326135
0.323258
0.323249
0.322966
0.325554
0.321280
0.322068
0.322801
0.320708
0.320170
0.320118
0.319861
0.319864
0.318994
0.319188
0.316066
0.319623
0.319006
0.318684
0.317738
0.316946
0.317678
0.316499
0.312403
0.315546
0.316125
0.315557
0.314821
0.315083
0.314668
0.313871
0.314163
0.314001
0.311937
0.313001
0.313350
0.314376
0.314232
0.309977
0.311695
0.310107
0.310396
0.309709
0.307313
0.309751
0.308282
0.310246
0.307408
0.305642
0.304795
0.305966
0.307847
0.307336
0.304378
0.305918
0.305406
0.304854
0.303956
0.302643
0.304938
0.303548
0.303645
0.303499
0.301919
0.300604
0.303437
0.302270
0.303452
0.302386
0.302742
0.303253
0.301910
0.302272
0.299810
0.300924
0.300079
0.299337
0.299901
0.299090
0.298303
0.299163
0.297626
0.296095
0.295674
0.297644
0.295897
0.296655
0.297242
0.292666
0.292913
0.292710
0.293947
0.295044
0.292906
0.292491
0.293955
0.288691
0.295032
0.290217
0.292525
0.292696
0.290763
0.293563
0.291353
0.290359
0.292169
0.292451
0.292146
0.289306
0.290505
0.289794
0.290808
0.288515
0.289987
0.289167
0.286092
0.287927
0.289145
0.285377
0.286726
0.287192
0.286149
0.287411
0.285632
0.286182
0.285841
0.285220
0.288267
0.281074
0.283829
0.283965
0.284157
0.283175
0.284119
0.282938
0.284087
0.283994
0.280163
0.278449
0.279737
0.281646
0.281626
0.278829
0.278802
0.279323
0.279535
0.280400
0.281124
0.281236
0.277699
0.278215
0.277912
0.274673
0.278066
0.276696
0.276373
0.277633
0.276333
0.277441
0.276654
0.277258
0.272893
0.275634
0.274934
0.275639
0.277051
0.275119
0.277479
0.270618
0.271099
0.292534
0.275930
0.274098
0.274011
0.274003
0.272770
0.273752
0.274371
0.273670
0.268971
0.269684
0.270282
0.268265
0.268609
0.272113
0.271084
0.268054
0.268667
0.270594
0.270428
0.269352
0.265194
0.267173
0.268162
0.267649
0.268788
0.267914
0.268121
0.266777
0.267790
0.266362
0.266057
0.266234
0.265617
0.264931
0.266007
0.264525
0.263330
0.263435
0.265981
0.266302
0.265547
0.263000
0.263944
0.263922
0.263542
0.260966
0.261467
0.263821
0.262063
0.262541
0.262673
0.258319
0.262562
0.261360
0.259388
0.261144
0.261073
0.260281
0.257469
0.260981
0.260379
0.261030
0.258822
0.261513
0.258093
0.259466
0.257715
0.257561
0.260135
0.258148
0.258630
0.256880
0.259618
0.254456
0.253941
0.256594
0.258136
0.255116
0.257957
0.254523
0.254650
0.254227
0.254892
0.251983
0.254960
0.254054
0.255554
0.254399
0.252088
0.252479
0.254644
0.252155
0.254263
0.256512
0.254830
0.251235
0.254518
0.247587
0.248850
0.249029
0.247865
0.251530
0.250454
0.248609
0.250255
0.251579
0.249194
0.249450
0.250508
0.248625
0.249367
0.247273
0.248462
0.246957
0.248469
0.248340
0.247285
0.249662
0.248379
0.247228
0.246592
0.246020
0.247949
0.245391
0.245687
0.247649
0.247584
0.245674
0.245629
0.245044
0.245116
0.245118
0.243860
0.243979
0.244275
0.243677
0.244095
0.243638
0.244848
0.244442
0.242503
0.242295
0.243677
0.243395
0.241340
0.242504
0.243787
0.241041
0.242522
0.241305
0.242880
0.241554
0.241953
0.239909
0.240235
0.238464
0.239319
0.238353
0.239554
0.239199
0.238584
0.239945
0.241137
0.241319
0.240009
0.238001
0.237464
0.238646
0.237755
0.237545
0.236837
0.241071
0.239156
0.237451
0.236718
0.237455
0.236066
0.236982
0.235543
0.236094
0.235489
0.237903
0.236982
0.238143
0.235426
0.236216
0.233026
0.237525
0.232814
0.235905
0.233351
0.233426
0.235955
0.236168
0.233790
0.234875
0.235569
0.232822
0.232038
0.232467
0.230864
0.233109
0.233286
0.231813
0.234912
0.234723
0.231713
0.231874
0.232199
0.230488
0.232164
0.234133
0.231529
0.230526
0.231934
0.230599
0.228560
0.229810
0.230209
0.230420
0.231873
0.230139
0.228663
0.230816
0.229168
0.228784
0.229343
0.227686
0.229244
0.228360
0.228650
0.231059
0.229168
0.231045
0.230979
0.223110
0.226606
0.228026
0.226936
0.228067
0.227693
0.228675
0.223723
0.226724
0.225090
0.227015
0.227338
0.225733
0.227040
0.228264
0.229227
0.218152
0.219341
0.230167
0.225756
0.223173
0.226433
0.225677
0.223869
0.225598
0.226000
0.224180
0.225144
0.224406
0.225231
0.225841
0.225966
0.222917
0.223768
0.220330
0.224448
0.223046
0.223304
0.223119
0.219540
0.220185
0.221320
0.220931
0.218602
0.221525
0.221518
0.222158
0.220117
0.224922
0.220760
0.220129
0.221264
0.219911
0.220093
0.221070
0.221938
0.218250
0.220771
0.218908
0.220376
0.216475
0.220708
0.216819
0.217577
0.219190
0.218407
0.219000
0.220995
0.216103
0.215339
0.217287
0.219315
0.218106
0.217052
0.220812
0.216638
0.216483
0.217567
0.216741
0.216757
0.218274
0.216034
0.216691
0.217012
0.215634
0.216105
0.215551
0.216951
0.214031
0.217307
0.215377
0.215102
0.215254
0.215428
0.211537
0.214557
0.212200
0.213359
0.218605
0.213981
0.216823
0.214607
0.215335
0.214861
0.214356
0.212637
0.213202
0.213827
0.213353
0.212942
0.212762
0.210406
0.215273
0.215417
0.211984
0.213481
0.212352
0.211462
0.212954
0.212768
0.211760
0.210961
0.211897
0.213152
0.211283
0.212622
0.212632
0.211450
0.209572
0.210852
0.210802
0.210827
0.211463
0.210257
0.209172
0.209818
0.210295
0.211291
0.208322
0.208080
0.210991
0.209521
0.209542
0.209331
0.207665
0.210968
0.210799
0.208788
0.207399
0.205164
0.208835
0.208063
0.209386
0.207559
0.206826
0.208154
0.207094
0.207307
0.210184
0.207710
0.207202
0.208828
0.204090
0.206614
0.207842
0.208107
0.206093
0.206385
0.207807
0.208897
0.202462
0.199001
0.209299
0.205099
0.206960
0.206822
0.204216
0.209040
0.207829
0.205597
0.206623
0.202716
0.204502
0.205149
0.205480
0.201736
0.203478
0.204774
0.205797
0.203222
0.203641
0.204568
0.206651
0.202327
0.206628
0.203246
0.206038
0.204626
0.201119
0.204970
0.203937
0.204433
0.203632
0.203455
0.204775
0.200197
0.201878
0.203938
0.202862
0.200238
0.204741
0.207754
0.200262
0.203275
0.202351
0.201867
0.202669
0.202450
0.201949
0.202528
0.202687
0.200948
0.201662
0.201100
0.201566
0.199940
0.200377
0.202437
0.201268
0.200608
0.201925
0.201190
0.202484
0.202415
0.200862
0.200584
0.202769
0.198369
0.199050
0.201472
0.201525
0.199957
0.200626
0.202485
0.201984
0.201059
0.200206
0.201379
0.200421
0.200139
0.200349
0.197179
0.202859
0.199428
0.198504
0.201249
0.201778
0.197140
0.200121
0.198698
0.198520
0.196557
0.198165
0.198066
0.199738
0.198204
0.196446
0.197404
0.199300
0.191659
0.198402
0.195767
0.200902
0.199756
0.196102
0.196394
0.196888
0.200455
0.199064
0.197909
0.198328
0.198413
0.198671
0.199564
0.200917
0.198568
0.197895
0.198558
0.198017
0.197033
0.198223
0.197596
0.195595
0.199227
0.196307
0.196643
0.196657
0.198087
0.194909
0.194719
0.199064
0.193524
0.195916
0.196062
0.195691
0.197921
0.197589
0.196974
0.196190
0.195943
0.195868
0.194302
0.194952
0.194235
0.197316
0.195313
0.195806
0.197263
0.195135
0.194538
0.193858
0.195386
0.195252
0.195794
0.194720
0.195814
0.191560
0.191596
0.194753
0.193756
0.196879
0.196019
0.194035
0.194937
0.192910
0.194775
0.194224
0.193579
0.193171
0.193201
0.196010
0.195753
0.193845
0.193910
0.192868
0.195701
0.192161
0.192755
0.193783
0.192298
0.194678
0.197293
0.190266
0.191787
0.192681
0.194675
0.191884
0.192866
0.193014
0.190845
0.190788
0.192771
0.192245
0.192443
0.192343
0.191174
0.193028
0.192759
0.192103
0.192912
0.189329
0.193027
0.194274
0.189579
0.190579
0.195598
0.191241
0.191894
0.191537
0.191975
0.193288
0.190535
0.192539
0.191555
0.192303
0.192794
0.191343
0.193330
0.190500
0.191700
0.191797
0.193540
0.191640
0.189937
0.192076
0.193703
0.193238
0.188599
0.191341
0.193397
0.191149
0.192773
0.190032
0.190151
0.192870
0.193917
0.191432
0.188612
0.194438
0.194065
0.191466
0.195379
0.190913
0.187813
0.190283
0.191350
0.191146
0.191683
0.190987
0.188610
0.192034
0.188963
0.190817
0.206832
0.188540
0.192111
0.190485
0.188498
0.191037
0.190812
0.188469
0.191409
0.188503
0.191426
0.190372
0.190416
0.190220
0.187678
0.188423
0.192100
0.187598
0.193266
0.190724
0.188873
0.187861
0.189154
0.189547
0.193308
0.188145
0.189736
0.190264
0.188920
0.188515
0.188343
0.190355
0.189137
0.188291
0.191500
0.190542
0.188212
0.191526
0.187911
0.191108
0.187658
0.187278
0.190537
0.188250
0.189332
0.190043
0.190003
0.187560
0.188712
0.189775
0.192009
0.188580
0.190060
0.190457
0.186290
0.190938
0.189949
0.187840
0.191244
0.187131
0.188482
0.189425
0.187223
0.192008
0.193053
0.185788
0.188840
0.189961
0.190532
0.188203
0.188406
0.188604
0.190192
0.190332
0.187003
0.187473
0.190906
0.189424
0.188205
0.189288
0.189907
0.188969
0.191098
0.189490
0.188345
0.188467
0.189841
0.186831
0.188683
0.187524
0.187836
0.190018
0.189157
0.187893
0.189895
0.190690
0.188534
0.188509
0.187409
0.189052
0.188903
0.186056
0.186534
0.187933
0.187981
0.189862
0.190759
0.186163
0.189326
0.189040
0.189053
0.188951
0.189202
0.190137
0.187660
0.189465
0.186372
0.188232
0.190661
0.189653
0.187572
0.191026
0.189356
0.188890
0.187378
0.187624
0.188964
0.190267
0.188964
0.187624
0.187378
0.188890
0.189356
0.191026
0.187572
0.189653
0.190661
0.188232
0.186372
0.189465
0.187660
0.190137
0.189202
0.188951
0.189053
0.189040
0.189326
0.186163
0.190759
0.189862
0.187981
0.187933
0.186534
0.186056
0.188903
0.189052
0.187409
0.188509
0.188534
0.190690
0.189895
0.187893
0.189157
0.190018
0.187836
0.187524
0.188683
0.186831
0.189841
0.188467
0.188345
0.189490
0.191098
0.188969
0.189907
0.189288
0.188205
0.189424
0.190906
0.187473
0.187003
0.190332
0.190192
0.188604
0.188406
0.188203
0.190532
0.189961
0.188840
0.185788
0.193053
0.192008
0.187223
0.189425
0.188482
0.187131
0.191244
0.187840
0.189949
0.190938
0.186290
0.190457
0.190060
0.188580
0.192009
0.189775
0.188712
0.187560
0.190003
0.190043
0.189332
0.188250
0.190537
0.187278
0.187658
0.191108
0.187911
0.191526
0.188212
0.190542
0.191500
0.188291
0.189137
0.190355
0.188343
0.188515
0.188920
0.190264
0.189736
0.188145
0.193308
0.189547
0.189154
0.187861
0.188873
0.190724
0.193266
0.187598
0.192100
0.188423
0.187678
0.190220
0.190416
0.190372
0.191426
0.188503
0.191409
0.188469
0.190812
0.191037
0.188498
0.190485
0.192111
0.188540
0.206832
0.190817
0.188963
0.192034
0.188610
0.190987
0.191683
0.191146
0.191350
0.190283
0.187813
0.190913
0.195379
0.191466
0.194065
0.194438
0.188612
0.191432
0.193917
0.192870
0.190151
0.190032
0.192773
0.191149
0.193397
0.191341
0.188599
0.193238
0.193703
0.192076
0.189937
0.191640
0.193540
0.191797
0.191700
0.190500
0.193330
0.191343
0.192794
0.192303
0.191555
0.192539
0.190535
0.193288
0.191975
0.191537
0.191894
0.191241
0.195598
0.190579
0.189579
0.194274
0.193027
0.189329
0.192912
0.192103
0.192759
0.193028
0.191174
0.192343
0.192443
0.192245
0.192771
0.190788
0.190845
0.193014
0.192866
0.191884
0.194675
0.192681
0.191787
0.190266
0.197293
0.194678
0.192298
0.193783
0.192755
0.192161
0.195701
0.192868
0.193910
0.193845
0.195753
0.196010
0.193201
0.193171
0.193579
0.194224
0.194775
0.192910
0.194937
0.194035
0.196019
0.196879
0.193756
0.194753
0.191596
0.191560
0.195814
0.194720
0.195794
0.195252
0.195386
0.193858
0.194538
0.195135
0.197263
0.195806
0.195313
0.197316
0.194235
0.194952
0.194302
0.195868
0.195943
0.196190
0.196974
0.197589
0.197921
0.195691
0.196062
0.195916
0.193524
0.199064
0.194719
0.194909
0.198087
0.196657
0.196643
0.196307
0.199227
0.195595
0.197596
0.198223
0.197033
0.198017
0.198558
0.197895
0.198568
0.200917
0.199564
0.198671
0.198413
0.198328
0.197909
0.199064
0.200455
0.196888
0.196394
0.196102
0.199756
0.200902
0.195767
0.198402
0.191659
0.199300
0.197404
0.196446
0.198204
0.199738
0.198066
0.198165
0.196557
0.198520
0.198698
0.200121
0.197140
0.201778
0.201249
0.198504
0.199428
0.202859
0.197179
0.200349
0.200139
0.200421
0.201379
0.200206
0.201059
0.201984
0.202485
0.200626
0.199957
0.201525
0.201472
0.199050
0.198369
0.202769
0.200584
0.200862
0.202415
0.202484
0.201190
0.201925
0.200608
0.201268
0.202437
0.200377
0.199940
0.201566
0.201100
0.201662
0.200948
0.202687
0.202528
0.201949
0.202450
0.202669
0.201867
0.202351
0.203275
0.200262
0.207754
0.204741
0.200238
0.202862
0.203938
0.201878
0.200197
0.204775
0.203455
0.203632
0.204433
0.203937
0.204970
0.201119
0.204626
0.206038
0.203246
0.206628
0.202327
0.206651
0.204568
0.203641
0.203222
0.205797
0.204774
0.203478
0.201736
0.205480
0.205149
0.204502
0.202716
0.206623
0.205597
0.207829
0.209040
0.204216
0.206822
0.206960
0.205099
0.209299
0.199001
0.202462
0.208897
0.207807
0.206385
0.206093
0.208107
0.207842
0.206614
0.204090
0.208828
0.207202
0.207710
0.210184
0.207307
0.207094
0.208154
0.206826
0.207559
0.209386
0.208063
0.208835
0.205164
0.207399
0.208788
0.210799
0.210968
0.207665
0.209331
0.209542
0.209521
0.210991
0.208080
0.208322
0.211291
0.210295
0.209818
0.209172
0.210257
0.211463
0.210827
0.210802
0.210852
0.209572
0.211450
0.212632
0.212622
0.211283
0.213152
0.211897
0.210961
0.211760
0.212768
0.212954
0.211462
0.212352
0.213481
0.211984
0.215417
0.215273
0.210406
0.212762
0.212942
0.213353
0.213827
0.213202
0.212637
0.214356
0.214861
0.215335
0.214607
0.216823
0.213981
0.218605
0.213359
0.212200
0.214557
0.211537
0.215428
0.215254
0.215102
0.215377
0.217307
0.214031
0.216951
0.215551
0.216105
0.215634
0.217012
0.216691
0.216034
0.218274
0.216757
0.216741
0.217567
0.216483
0.216638
0.220812
0.217052
0.218106
0.219315
0.217287
0.215339
0.216103
0.220995
0.219000
0.218407
0.219190
0.217577
0.216819
0.220708
0.216475
0.220376
0.218908
0.220771
0.218250
0.221938
0.221070
0.220093
0.219911
0.221264
0.220129
0.220760
0.224922
0.220117
0.222158
0.221518
0.221525
0.218602
0.220931
0.221320
0.220185
0.219540
0.223119
0.223304
0.223046
0.224448
0.220330
0.223768
0.222917
0.225966
0.225841
0.225231
0.224406
0.225144
0.224180
0.226000
0.225598
0.223869
0.225677
0.226433
0.223173
0.225756
0.230167
0.219341
0.218152
0.229227
0.228264
0.227040
0.225733
0.227338
0.227015
0.225090
0.226724
0.223723
0.228675
0.227693
0.228067
0.226936
0.228026
0.226606
0.223110
0.230979
0.231045
0.229168
0.231059
0.228650
0.228360
0.229244
0.227686
0.229343
0.228784
0.229168
0.230816
0.228663
0.230139
0.231873
0.230420
0.230209
0.229810
0.228560
0.230599
0.231934
0.230526
0.231529
0.234133
0.232164
0.230488
0.232199
0.231874
0.231713
0.234723
0.234912
0.231813
0.233286
0.233109
0.230864
0.232467
0.232038
0.232822
0.235569
0.234875
0.233790
0.236168
0.235955
0.233426
0.233351
0.235905
0.232814
0.237525
0.233026
0.236216
0.235426
0.238143
0.236982
0.237903
0.235489
0.236094
0.235543
0.236982
0.236066
0.237455
0.236718
0.237451
0.239156
0.241071
0.236837
0.237545
0.237755
0.238646
0.237464
0.238001
0.240009
0.241319
0.241137
0.239945
0.238584
0.239199
0.239554
0.238353
0.239319
0.238464
0.240235
0.239909
0.241953
0.241554
0.242880
0.241305
0.242522
0.241041
0.243787
0.242504
0.241340
0.243395
0.243677
0.242295
0.242503
0.244442
0.244848
0.243638
0.244095
0.243677
0.244275
0.243979
0.243860
0.245118
0.245116
0.245044
0.245629
0.245674
0.247584
0.247649
0.245687
0.245391
0.247949
0.246020
0.246592
0.247228
0.248379
0.249662
0.247285
0.248340
0.248469
0.246957
0.248462
0.247273
0.249367
0.248625
0.250508
0.249450
0.249194
0.251579
0.250255
0.248609
0.250454
0.251530
0.247865
0.249029
0.248850
0.247587
0.254518
0.251235
0.254830
0.256512
0.254263
0.252155
0.254644
0.252479
0.252088
0.254399
0.255554
0.254054
0.254960
0.251983
0.254892
0.254227
0.254650
0.254523
0.257957
0.255116
0.258136
0.256594
0.253941
0.254456
0.259618
0.256880
0.258630
0.258148
0.260135
0.257561
0.257715
0.259466
0.258093
0.261513
0.258822
0.261030
0.260379
0.260981
0.257469
0.260281
0.261073
0.261144
0.259388
0.261360
0.262562
0.258319
0.262673
0.262541
0.262063
0.263821
0.261467
0.260966
0.263542
0.263922
0.263944
0.263000
0.265547
0.266302
0.265981
0.263435
0.263330
0.264525
0.266007
0.264931
0.265617
0.266234
0.266057
0.266362
0.267790
0.266777
0.268121
0.267914
0.268788
0.267649
0.268162
0.267173
0.265194
0.269352
0.270428
0.270594
0.268667
0.268054
0.271084
0.272113
0.268609
0.268265
0.270282
0.269684
0.268971
0.273670
0.274371
0.273752
0.272770
0.274003
0.274011
0.274098
0.275930
0.292534
0.271099
0.270618
0.277479
0.275119
0.277051
0.275639
0.274934
0.275634
0.272893
0.277258
0.276654
0.277441
0.276333
0.277633
0.276373
0.276696
0.278066
0.274673
0.277912
0.278215
0.277699
0.281236
0.281124
0.280400
0.279535
0.279323
0.278802
0.278829
0.281626
0.281646
0.279737
0.278449
0.280163
0.283994
0.284087
0.282938
0.284119
0.283175
0.284157
0.283965
0.283829
0.281074
0.288267
0.285220
0.285841
0.286182
0.285632
0.287411
0.286149
0.287192
0.286726
0.285377
0.289145
0.287927
0.286092
0.289167
0.289987
0.288515
0.290808
0.289794
0.290505
0.289306
0.292146
0.292451
0.292169
0.290359
0.291353
0.293563
0.290763
0.292696
0.292525
0.290217
0.295032
0.288691
0.293955
0.292491
0.292906
0.295044
0.293947
0.292710
0.292913
0.292666
0.297242
0.296655
0.295897
0.297644
0.295674
0.296095
0.297626
0.299163
0.298303
0.299090
0.299901
0.299337
0.300079
0.300924
0.299810
0.302272
0.301910
0.303253
0.302742
0.302386
0.303452
0.302270
0.303437
0.300604
0.301919
0.303499
0.303645
0.303548
0.304938
0.302643
0.303956
0.304854
0.305406
0.305918
0.304378
0.307336
0.307847
0.305966
0.304795
0.305642
0.307408
0.310246
0.308282
0.309751
0.307313
0.309709
0.310396
0.310107
0.311695
0.309977
0.314232
0.314376
0.313350
0.313001
0.311937
0.314001
0.314163
0.313871
0.314668
0.315083
0.314821
0.315557
0.316125
0.315546
0.312403
0.316499
0.317678
0.316946
0.317738
0.318684
0.319006
0.319623
0.316066
0.319188
0.318994
0.319864
0.319861
0.320118
0.320170
0.320708
0.322801
0.322068
0.321280
0.325554
0.322966
0.323249
0.323258
0.326135
0.328516
0.317705
0.322076
0.323105
0.325818
0.326281
0.325512
0.325304
0.328361
0.326888
0.326978
0.327207
0.327013
0.328568
0.328683
0.329725
0.331058
0.328301
0.328727
0.329532
0.331404
0.332567
0.332549
0.331790
0.331994
0.332664
0.332706
0.333722
0.335921
0.334843
0.334218
0.334298
0.334864
0.337668
0.334549
0.333801
0.336498
0.335502
0.337992
0.335864
0.338600
0.340787
0.338287
0.339501
0.339888
0.343641
0.340373
0.344142
0.342481
0.342458
0.342389
0.343018
0.344315
0.343080
0.347680
0.344313
0.345604
0.344551
0.350088
0.344445
0.345218
0.346472
0.347234
0.349350
0.346568
0.348051
0.349555
0.347448
0.352616
0.350140
0.350298
0.349686
0.351123
0.350537
0.357611
0.352456
0.353275
0.351552
0.354565
0.353045
0.353697
0.355575
0.356873
0.357324
0.354567
0.359976
0.358581
0.357733
0.357545
0.360681
0.360291
0.360894
0.357289
0.358727
0.360564
0.363087
0.364939
0.361063
0.363701
0.366894
0.364741
0.362598
0.365857
0.364099
0.366262
0.367666
0.365938
0.366496
0.369437
0.367837
0.367380
0.369036
0.368033
0.370727
0.367030
0.369308
0.368768
0.370706
0.371151
0.371413
0.372081
0.375319
0.372904
0.375217
0.374832
0.373396
0.373343
0.375061
0.375734
0.375004
0.374351
0.378102
0.375477
0.376025
0.379139
0.378727
0.379748
0.380603
0.380195
0.381309
0.381797
0.381236
0.383522
0.382784
0.383721
0.383935
0.383368
0.387594
0.386451
0.388033
0.384570
0.386359
0.388145
0.391451
0.394943
0.383350
0.387200
0.391726
0.389791
0.390292
0.389013
0.392766
0.395011
0.391788
0.393644
0.391528
0.392201
0.397804
0.393544
0.393063
0.395379
0.396068
0.400412
0.398434
0.398483
0.399426
0.399458
0.402566
0.398859
0.400974
0.403056
0.401508
0.401542
0.404776
0.402349
0.403678
0.404929
0.405375
0.405260
0.406157
0.407739
0.407609
0.408227
0.407231
0.407318
0.409069
0.409545
0.408484
0.410387
0.411830
0.410297
0.413026
0.412724
0.411965
0.415385
0.414987
0.414198
0.415081
0.415626
0.415659
0.417160
0.418925
0.417043
0.418374
0.422628
0.420085
0.424043
0.422581
0.422483
0.422109
0.425077
0.422207
0.427513
0.426711
0.425906
0.426438
0.427633
0.428674
0.427161
0.425327
0.429520
0.428777
0.430266
0.431251
0.431137
0.432696
0.436381
0.431079
0.432487
0.430795
0.434133
0.435364
0.436296
0.436444
0.437015
0.439340
0.438322
0.438978
0.440042
0.443929
0.440441
0.441750
0.446760
0.441559
0.443786
0.441202
0.442290
0.445469
0.446386
0.446695
0.448278
0.447295
0.447960
0.447779
0.447486
0.451790
0.451385
0.453440
0.449148
0.452708
0.455471
0.455464
0.455718
0.456310
0.455473
0.453782
0.457885
0.460480
0.460361
0.459820
0.459634
0.460867
0.461711
0.465465
0.465427
0.466033
0.465465
0.466890
0.463566
0.467834
0.465548
0.469966
0.469385
0.471393
0.472445
0.471193
0.473651
0.470261
0.473071
0.475701
0.474217
0.476792
0.475021
0.477664
0.476491
0.479272
0.479006
0.477983
0.481893
0.479986
0.478188
0.483179
0.483327
0.484210
0.483666
0.483449
0.485319
0.486383
0.486813
0.486784
0.490252
0.492332
0.488019
0.492859
0.493183
0.490908
0.495005
0.492542
0.495025
0.495232
0.496803
0.498397
0.500798
0.497623
0.499758
0.496133
0.501143
0.503781
0.505151
0.505300
0.504245
0.505964
0.504967
0.504291
0.509877
0.507796
0.508740
0.509252
0.511540
0.510366
0.511362
0.513292
0.514788
0.512698
0.517105
0.515630
0.518781
0.518459
0.518877
0.520358
0.518786
0.523387
0.523199
0.523226
0.522266
0.523786
0.523209
0.524160
0.524930
0.528750
0.528119
0.530373
0.532656
0.531904
0.534188
0.535727
0.532108
0.536473
0.537079
0.537020
0.537227
0.537407
0.537065
0.538883
0.541820
0.542766
0.545373
0.542848
0.545498
0.545989
0.543854
0.547679
0.546403
0.549740
0.551076
0.549876
0.555012
0.554373
0.553356
0.556640
0.555268
0.556335
0.557467
0.560739
0.559237
0.561314
0.558613
0.562801
0.555599
0.564959
0.567260
0.570287
0.568831
0.570122
0.570786
0.572735
0.571524
0.572645
0.574858
0.575840
0.575572
0.576296
0.579502
0.578458
0.579390
0.583032
0.582356
0.583552
0.582906
0.584018
0.587771
0.585400
0.588232
0.588518
0.591532
0.592716
0.590804
0.597038
0.593773
0.595332
0.594541
0.599676
0.598122
0.598647
0.600475
0.601015
0.602982
0.605262
0.606849
0.605565
0.609749
0.608625
0.609001
0.609179
0.611562
0.614630
0.614147
0.616037
0.615678
0.616151
0.618405
0.620109
0.622480
0.621551
0.621976
0.623711
0.627921
0.629223
0.625845
0.630629
0.630826
0.631270
0.633728
0.633122
0.633911
0.634532
0.637118
0.639274
0.638378
0.639219
0.641065
0.644362
0.645263
0.646972
0.648975
0.649325
0.649499
0.654894
0.658554
0.649417
0.651941
0.657062
0.656069
0.659549
0.657877
0.659512
0.663085
0.662797
0.664209
0.667619
0.667239
0.668184
0.672906
0.670371
0.674871
0.673000
0.675122
0.675044
0.678913
0.679339
0.678722
0.682482
0.684262
0.683836
0.685579
0.686296
0.690364
0.690290
0.691391
0.692704
0.696119
0.696569
0.695673
0.697855
0.700710
0.700762
0.702700
0.704641
0.705443
0.707381
0.710865
0.711587
0.712142
0.711853
0.714262
0.717491
0.716490
0.719703
0.719956
0.723570
0.724180
0.726419
0.724974
0.729617
0.731926
0.729940
0.733214
0.731796
0.734181
0.736977
0.737914
0.741931
0.743375
0.744802
0.742982
0.749316
0.749171
0.749871
0.752259
0.752436
0.756687
0.756001
0.761871
0.761065
0.758996
0.765303
0.765584
0.767208
0.767138
0.770507
0.771483
0.771288
0.777834
0.775846
0.779683
0.782391
0.783636
0.785226
0.784589
0.787109
0.789060
0.790781
0.791195
0.794599
0.796907
0.797875
0.800879
0.802710
0.803056
0.804778
0.807162
0.808478
0.809211
0.812294
0.815755
0.816953
0.818679
0.819650
0.824372
0.824139
0.827406
0.828229
0.830134
0.834062
0.835164
0.836471
0.837639
0.841636
0.842755
0.844294
0.844993
0.846335
0.848963
0.853778
0.854658
0.856567
0.858728
0.859922
0.861880
0.863263
0.867226
0.866971
0.871472
0.873127
0.871984
0.877009
0.880311
0.879773
0.883543
0.886027
0.889275
0.889966
0.891888
0.893943
0.895018
0.899181
0.904119
0.905357
0.902963
0.910125
0.911226
0.912868
0.913101
0.919723
0.915476
0.921737
0.929172
0.925852
0.929913
0.932222
0.936608
0.937237
0.939729
0.942830
0.943538
0.949696
0.951246
0.952767
0.954716
0.956644
0.960059
0.963252
0.965417
0.966496
0.970299
0.971295
0.974948
0.976999
0.977778
0.983062
0.987274
0.988416
0.991277
0.994090
0.996557
0.997968
1.004979
1.005886
1.008868
1.011650
1.014457
1.014099
1.016619
1.021298
1.022466
1.027486
1.031218
1.034981
1.036269
1.037861
1.040651
1.045854
1.047201
1.050052
1.055144
1.057280
1.060815
1.064583
1.067704
1.067927
1.074548
1.077405
1.076824
1.083663
1.085672
1.089479
1.090764
1.097132
1.099240
1.102820
1.104883
1.107319
1.112303
1.118185
1.120631
1.118652
1.125191
1.129572
1.133079
1.133739
1.139937
1.142718
1.146658
1.150168
1.153139
1.155288
1.162738
1.164998
1.167017
1.174269
1.177364
1.181162
1.184242
1.186274
1.189236
1.194019
1.196897
1.201028
1.206368
1.209863
1.212101
1.220757
1.223040
1.224474
1.229782
1.233987
1.236697
1.243129
1.246658
1.248010
1.254853
1.259490
1.263228
1.268133
1.269764
1.275257
1.281752
1.284773
1.287648
1.292883
1.299134
1.301951
1.307505
1.310282
1.316553
1.320442
1.326511
1.330526
1.336691
1.340249
1.342258
1.351134
1.354172
1.361981
1.363123
1.370227
1.376648
1.378844
1.381887
1.390281
1.393168
1.399996
1.404563
1.408633
1.416392
1.423280
1.425916
1.431276
1.437516
1.444065
1.446439
1.453761
1.457784
1.463878
1.469649
1.476113
1.479122
1.487301
1.494117
1.496592
1.504350
1.509372
1.517319
1.521998
1.529875
1.533437
1.539490
1.547228
1.551177
1.558482
1.565226
1.573381
1.578896
1.586405
1.584615
1.595742
1.609046
1.610559
1.618406
1.624102
1.634489
1.638251
1.647413
1.655829
1.659738
1.669420
1.675008
1.682801
1.687993
1.700065
1.705076
1.713688
1.716476
1.723125
1.734653
1.742677
1.747966
1.760450
1.764870
1.773823
1.782410
1.789426
1.800319
1.806936
1.816801
1.823719
1.833342
1.843636
1.850684
1.859139
1.871772
1.876265
1.885598
1.896583
1.905321
1.913876
1.922375
1.934205
1.941115
1.953206
1.960151
1.972017
1.979702
1.994029
2.000970
2.013515
2.024185
2.034012
2.045254
2.053672
2.066262
2.078967
2.086172
2.099204
2.112386
2.123818
2.131514
2.142144
2.153964
2.169702
2.180501
2.192816
2.207188
2.217881
2.229396
2.240406
2.255959
2.268583
2.282579
2.294764
2.307155
2.320085
2.335204
2.349130
2.362332
2.378662
2.392755
2.403252
2.418088
2.433061
2.448337
2.463985
2.478912
2.494353
2.509923
2.528902
2.543871
2.560110
2.574798
2.593705
2.609987
2.624730
2.650348
2.664275
2.682448
2.699752
2.718202
2.734747
2.754354
2.776343
2.794570
2.812860
2.832595
2.854556
2.873414
2.894008
2.915282
2.937015
2.958725
2.982358
3.000177
3.026454
3.046278
3.069212
3.095327
3.119023
3.144052
3.167142
3.193599
3.219025
3.244632
3.269196
3.300768
3.327372
3.352764
3.378412
3.408286
3.438187
3.470196
3.497184
3.528791
3.558210
3.590980
3.623750
3.654368
3.691113
3.721144
3.756182
3.790511
3.825883
3.861958
3.901462
3.935684
3.977150
4.016888
4.058564
4.094978
4.140605
4.177741
4.226104
4.260696
4.308598
4.360827
4.407375
4.453009
4.503939
4.551986
4.603805
4.659628
4.712296
4.763650
4.820759
4.877205
4.935170
4.997994
5.058940
5.120631
5.189871
5.251155
5.320855
5.391589
5.463094
5.534087
5.610646
5.685799
5.768479
5.847163
5.932790
6.020960
6.107986
6.199922
6.296256
6.391084
6.493280
6.595267
6.702843
6.813656
6.926984
7.042845
7.162936
7.291549
7.423354
7.557380
7.696959
7.844974
7.997064
8.152004
8.316208
8.485175
8.659837
8.848384
9.035572
9.237344
9.447145
9.669935
9.895842
10.138880
10.392257
10.653149
10.933499
11.229674
11.536891
11.864197
12.211852
12.576065
12.969392
13.382588
13.825121
14.294804
14.801424
15.341897
15.927493
16.553480
17.233804
17.972929
18.772648
19.654434
20.616994
21.680862
22.857371
24.169397
25.645080
27.303438
29.200201
31.370528
33.895154
36.856839
40.383908
44.658242
49.938878
56.633977
65.399356
77.371913
94.698701
122.009605
171.437312
288.120812
901.304464
799.418081
276.976308
167.524498
120.092373
93.598608
76.687785
64.955125
56.338452
49.745104
44.532078
40.310539
36.822935
33.889399
31.392344
29.233657
27.357667
25.708493
24.246370
22.941202
21.767625
20.713933
19.754416
18.881296
18.081499
17.348674
16.674243
16.046804
15.465344
14.928654
14.423635
13.952801
13.513572
13.102344
12.714130
12.346084
12.000860
11.673486
11.366637
11.070395
10.795956
10.531789
10.277566
10.036938
9.810172
9.593027
9.380807
9.184753
8.991062
8.807619
8.629231
8.463199
8.301245
8.142980
7.991397
7.847375
7.707520
7.573068
7.440151
7.318956
7.193244
7.074721
6.963409
6.852274
6.747635
6.644464
6.542315
6.446016
6.352459
6.260310
6.172515
6.083950
6.000722
5.918008
5.842712
5.761577
5.685828
5.613836
5.541806
5.471742
5.403927
5.341345
5.274699
5.212406
5.147960
5.089194
5.030668
4.974653
4.920528
4.863218
4.812781
4.759959
4.703609
4.657227
4.607055
4.562234
4.510046
4.468371
4.426827
4.376692
4.336538
4.291318
4.251901
4.209148
4.171763
4.130874
4.092680
4.054790
4.017142
3.983463
3.944905
3.909257
3.875052
3.843724
3.810388
3.776381
3.743989
3.713433
3.681646
3.652867
3.623112
3.590858
3.563361
3.533246
3.508442
3.478903
3.453255
3.427328
3.399257
3.374516
3.349388
3.320777
3.296591
3.277216
3.252252
3.227024
3.202456
3.180446
3.161777
3.133199
3.112776
3.092945
3.071900
3.049533
3.027482
3.008697
2.989269
2.969570
2.951153
2.932183
2.910821
2.890626
2.869463
2.852346
2.829970
2.822374
2.795567
2.787837
2.771462
2.752189
2.733570
2.715972
2.702466
2.687196
2.670230
2.654201
2.637988
2.620729
2.605172
2.594614
2.578004
2.563483
2.549526
2.535543
2.520289
2.507233
2.492299
2.479233
2.467959
2.450834
2.438254
2.423341
2.412533
2.400658
2.383948
2.374556
2.364291
2.351332
2.336680
2.326985
2.313082
2.302284
2.291731
2.276957
2.267975
2.255448
2.245658
2.234216
2.224322
2.214556
2.203339
2.191691
2.182330
2.168340
2.160013
2.150578
2.143669
2.132459
2.119463
2.113631
2.102168
2.091532
2.083264
2.073437
2.063755
2.053581
2.049880
2.038103
2.025017
2.020739
2.010074
1.999849
1.993825
1.986126
1.975389
1.967501
1.959620
1.951036
1.942605
1.936064
1.928027
1.917423
1.909694
1.903318
1.896357
1.885801
1.881788
1.873237
1.864889
1.857374
1.847252
1.841791
1.839577
1.828476
1.821950
1.815235
1.807993
1.802475
1.794763
1.786301
1.778491
1.776163
1.762456
1.761400
1.758430
1.747403
1.742926
1.732294
1.728492
1.724885
1.716422
1.710673
1.702704
1.696843
1.692779
1.686807
1.680967
1.675042
1.668072
1.662951
1.656570
1.652061
1.645786
1.642083
1.638472
1.632716
1.626749
1.619440
1.614027
1.611184
1.604071
1.597440
1.592338
1.590137
1.583763
1.578490
1.572792
1.566492
1.565891
1.560318
1.553901
1.549011
1.544746
1.539176
1.534531
1.529075
1.526541
1.522139
1.518918
1.512558
1.509319
1.503349
1.499035
1.499320
1.489079
1.488571
1.484857
1.479665
1.475058
1.471455
1.470102
1.467422
1.462212
1.460072
1.455328
1.449681
1.446318
1.442452
1.440162
1.436054
1.430984
1.428721
1.425964
1.422408
1.420244
1.418444
1.410208
1.410301
1.408320
1.405836
1.403125
1.401058
1.397790
1.396353
1.390009
1.392681
1.389313
1.387265
1.386253
1.379905
1.379705
1.380031
1.376926
1.378345
1.373754
1.373569
1.370223
1.371082
1.367942
1.369306
1.368710
1.369598
1.368612
1.368607
1.369438
1.368039
1.369236
1.371225
1.372964
1.373029
1.375096
1.375508
1.379293
1.380654
1.384572
1.386665
1.388715
1.394508
1.400132
1.409120
1.416407
1.420342
1.428814
1.437477
1.445268
1.457807
1.471862
1.484396
1.498676
1.516776
1.533643
1.553805
1.574091
1.601888
1.630364
1.660744
1.699126
1.739522
1.783941
1.835452
1.896433
1.964446
2.040666
2.135479
2.240836
2.366777
2.516384
2.695564
2.914738
3.187853
3.537995
3.989521
4.597851
5.459735
6.760016
8.938865
13.298258
26.239059
1336.008441
27.267169
13.516221
9.010311
6.781024
5.457993
4.580629
3.959215
3.501069
3.147934
2.866067
2.641891
2.460371
2.303744
2.174986
2.062649
1.964683
1.882712
1.809587
1.744444
1.687197
1.636146
1.590357
1.549693
1.513658
1.480567
1.448883
1.423029
1.395034
1.373190
1.350547
1.332757
1.310933
1.296859
1.281480
1.263149
1.252034
1.238291
1.223926
1.214356
1.198139
1.191000
1.179783
1.169552
1.163251
1.156357
1.145127
1.138605
1.130424
1.122736
1.117860
1.108902
1.102401
1.096848
1.091096
1.083633
1.077704
1.072080
1.068861
1.064334
1.059624
1.052552
1.051828
1.044657
1.040004
1.039110
1.034189
1.028007
1.023431
1.020802
1.017503
1.013803
1.009205
1.006376
0.999961
0.999540
0.995075
0.993073
0.989072
0.985434
0.984477
0.979430
0.974168
0.973121
0.969554
0.969369
0.964877
0.962862
0.962175
0.955271
0.953076
0.951392
0.947714
0.949252
0.943062
0.940442
0.940250
0.937752
0.935219
0.930305
0.927699
0.925510
0.923945
0.923162
0.919851
0.914373
0.913794
0.913776
0.911973
0.912331
0.907773
0.903190
0.901466
0.898840
0.901163
0.898033
0.894621
0.892568
0.889987
0.888021
0.887585
0.885700
0.881901
0.879966
0.879635
0.875998
0.875204
0.872035
0.872209
0.869169
0.865868
0.866693
0.863800
0.863904
0.862564
0.859091
0.858035
0.854299
0.853999
0.852518
0.850983
0.849025
0.847510
0.847087
0.841639
0.842552
0.840198
0.836404
0.835009
0.835577
0.833321
0.831744
0.830253
0.826697
0.825708
0.825444
0.819849
0.824220
0.821158
0.819213
0.820179
0.816779
0.814595
0.812666
0.814015
0.809313
0.807208
0.806424
0.805700
0.801412
0.799227
0.796154
0.805881
0.800484
0.797875
0.793861
0.794942
0.794199
0.791312
0.788366
0.789600
0.787650
0.785716
0.784855
0.783705
0.782019
0.780841
0.776544
0.777651
0.777031
0.774209
0.772334
0.772643
0.770374
0.767532
0.768669
0.765162
0.765236
0.761976
0.762821
0.761798
0.760303
0.758097
0.756625
0.755638
0.753297
0.754352
0.751951
0.751037
0.751600
0.747042
0.747370
0.743668
0.745263
0.744030
0.740590
0.740716
0.740547
0.737515
0.737698
0.732624
0.733338
0.733706
0.730253
0.731151
0.731377
0.729602
0.727452
0.724696
0.727996
0.725563
0.723961
0.719938
0.718958
0.718423
0.718331
0.716600
0.714746
0.715432
0.714269
0.711042
0.710475
0.708463
0.709988
0.705591
0.705845
0.704322
0.705973
0.703806
0.703468
0.701334
0.702343
0.696197
0.698219
0.691756
0.694394
0.694185
0.692642
0.692087
0.688734
0.690706
0.687857
0.687875
0.687115
0.686516
0.683555
0.684972
0.684518
0.679957
0.680063
0.677448
0.677796
0.676617
0.676709
0.678579
0.674084
0.672740
0.670015
0.673256
0.671957
0.668158
0.669629
0.667809
0.667397
0.664769
0.663785
0.662912
0.661835
0.661147
0.661719
0.659526
0.658438
0.659441
0.656972
0.655917
0.656923
0.653441
0.650779
0.649849
0.648871
0.651129
0.648560
0.648808
0.646585
0.645785
0.645498
0.644279
0.643434
0.641053
0.644859
0.639593
0.641005
0.636252
0.636937
0.636603
0.636405
0.633391
0.633467
0.633892
0.631864
0.632028
0.632546
0.631452
0.625494
0.630600
0.632339
0.621777
0.622918
0.623577
0.622298
0.622796
0.618641
0.621986
0.618511
0.620183
0.618380
0.618103
0.616320
0.614675
0.615238
0.616039
0.612577
0.611851
0.612380
0.610923
0.609311
0.608887
0.606537
0.606850
0.606181
0.606825
0.605258
0.603774
0.602748
0.599044
0.603970
0.600113
0.597893
0.598616
0.597883
0.597758
0.596906
0.595983
0.592996
0.594828
0.592758
0.589575
0.591093
0.590243
0.587282
0.588004
0.585788
0.589231
0.585585
0.584996
0.584481
0.581712
0.582470
0.582892
0.580763
0.579827
0.581309
0.580536
0.578715
0.578194
0.576191
0.576096
0.576202
0.572279
0.575225
0.570950
0.573265
0.570836
0.570535
0.571188
0.568573
0.567502
0.566432
0.565214
0.564838
0.564909
0.562970
0.565383
0.560089
0.559943
0.558862
0.559562
0.556249
0.564888
0.561427
0.559035
0.559065
0.557330
0.555731
0.555939
0.557166
0.554696
0.552931
0.551910
0.553457
0.550740
0.548937
0.552491
0.553133
0.546960
0.543782
0.546608
0.545550
0.544113
0.542641
0.543687
0.543142
0.542325
0.540488
0.540439
0.539148
0.539118
0.537209
0.538651
0.538969
0.536719
0.536308
0.537436
0.536081
0.531513
0.534099
0.530564
0.531035
0.531500
0.530007
0.530883
0.528284
0.526472
0.528608
0.526351
0.525376
0.524324
0.527492
0.525078
0.524140
0.520913
0.522140
0.524246
0.519262
0.520026
0.520798
0.520071
0.519465
0.514496
0.515932
0.515830
0.514878
0.513967
0.513153
0.513665
0.515051
0.512260
0.512041
0.512450
0.511555
0.509260
0.508756
0.509974
0.508042
0.506853
0.509963
0.505433
0.504206
0.506893
0.505473
0.501917
0.501611
0.503870
0.503391
0.502704
0.499479
0.499740
0.500620
0.495174
0.498977
0.498924
0.497246
0.496946
0.496524
0.498170
0.493483
0.496237
0.496233
0.488122
0.493390
0.491817
0.492198
0.488882
0.491972
0.491306
0.488560
0.488619
0.488663
0.488676
0.486148
0.486974
0.486670
0.484704
0.484917
0.484116
0.485322
0.483495
0.481998
0.479799
0.480608
0.482661
0.482245
0.480787
0.481708
0.479582
0.479254
0.477696
0.476947
0.476350
0.477158
0.477286
0.473895
0.474502
0.474632
0.473537
0.469688
0.476132
0.472734
0.470589
0.470393
0.469234
0.471632
0.469121
0.466977
0.468537
0.464904
0.469858
0.468106
0.468755
0.465663
0.465340
0.463771
0.465063
0.462181
0.464191
0.461260
0.463105
0.461503
0.459999
0.461881
0.461091
0.460303
0.459725
0.458263
0.459331
0.458280
0.459674
0.457795
0.457855
0.454779
0.456588
0.457932
0.455551
0.455349
0.453137
0.450545
0.454648
0.456478
0.451027
0.448695
0.451022
0.450591
0.452805
0.447978
0.448754
0.446022
0.449507
0.446795
0.448571
0.446911
0.447879
0.449090
0.447380
0.443692
0.446451
0.447619
0.443621
0.444316
0.444003
0.442279
0.444107
0.438624
0.443691
0.440490
0.440759
0.442565
0.438311
0.440813
0.440008
0.436933
0.438921
0.440458
0.436683
0.437499
0.436660
0.436543
0.437723
0.439415
0.438165
0.438693
0.435740
0.436810
0.435204
0.434261
0.433386
0.432989
0.432723
0.435756
0.433023
0.434212
0.432148
0.433018
0.430941
0.433773
0.430907
0.430570
0.430244
0.428174
0.429452
0.428620
0.428029
0.431622
0.429120
0.428197
0.428416
0.429785
0.427975
0.428403
0.426959
0.427488
0.424549
0.427464
0.423623
0.425237
0.427231
0.425057
0.426935
0.423836
0.427813
0.424554
0.424712
0.424567
0.422525
0.422366
0.421853
0.421837
0.423984
0.426227
0.421413
0.422575
0.420877
0.419020
0.421356
0.424592
0.421383
0.422695
0.422744
0.421844
0.420337
0.421628
0.418328
0.421829
0.421881
0.418807
0.420595
0.421101
0.422175
0.418320
0.421397
0.419300
0.421090
0.420797
0.417090
0.418341
0.419561
0.419178
0.419815
0.419706
0.417639
0.420525
0.420575
0.419600
0.420614
0.418740
0.420560
0.419886
0.421294
0.419154
0.417632
0.420360
0.419001
0.420759
0.417491
0.422213
0.420357
0.418099
0.419284
0.420575
0.420283
0.422268
0.418035
0.424097
0.420605
0.414243
0.419572
0.417991
0.417390
0.420169
0.419958
0.423904
0.420809
0.419648
0.420896
0.420239
0.421915
0.422694
0.421704
0.421033
0.422594
0.422405
0.422321
0.421363
0.420695
0.424247
0.424742
0.422710
0.422393
0.422824
0.423904
0.424273
0.423642
0.424382
0.425082
0.426209
0.426446
0.426348
0.427789
0.427395
0.427769
0.427614
0.430746
0.431449
0.428670
0.432098
0.427186
0.430853
0.431641
0.431212
0.429839
0.431597
0.433184
0.434171
0.432399
0.435338
0.434983
0.436293
0.435237
0.434204
0.436641
0.437450
0.437806
0.438206
0.440158
0.438803
0.440708
0.443127
0.440963
0.442622
0.445921
0.443968
0.444760
0.446124
0.447200
0.446367
0.447927
0.449772
0.448483
0.451248
0.451065
0.451364
0.452448
0.453807
0.454050
0.450740
0.455969
0.460215
0.455313
0.456553
0.460226
0.458780
0.462013
0.461286
0.460165
0.462579
0.463792
0.462668
0.467251
0.469933
0.464992
0.462662
0.463835
0.499463
0.477554
0.471854
0.477486
0.475500
0.478197
0.476729
0.479103
0.484658
0.482267
0.483321
0.483618
0.487276
0.484767
0.486812
0.488649
0.488750
0.491837
0.492438
0.493065
0.494073
0.496226
0.499498
0.499936
0.498284
0.504261
0.504332
0.504304
0.504060
0.506800
0.509214
0.510406
0.510332
0.511922
0.514931
0.519680
0.518835
0.519752
0.522890
0.523087
0.525105
0.525565
0.531783
0.530710
0.534306
0.534209
0.534685
0.538245
0.538298
0.541010
0.544199
0.544443
0.548522
0.548774
0.553554
0.554312
0.554262
0.558267
0.559081
0.562243
0.563554
0.565261
0.567745
0.568236
0.571855
0.576179
0.575483
0.579235
0.581201
0.581216
0.585468
0.586050
0.592616
0.593208
0.595015
0.598121
0.599336
0.601040
0.603222
0.608885
0.607078
0.612294
0.617524
0.616570
0.618107
0.622470
0.626786
0.626677
0.630701
0.634355
0.636283
0.638211
0.640519
0.646941
0.648209
0.650913
0.651499
0.659205
0.660348
0.663259
0.665036
0.669112
0.669596
0.675013
0.677910
0.682275
0.686024
0.686778
0.690422
0.697128
0.696145
0.699768
0.706023
0.710686
0.712601
0.715513
0.717905
0.721243
0.725507
0.730689
0.735444
0.738731
0.741298
0.744439
0.749319
0.752871
0.757718
0.761731
0.763869
0.767571
0.775762
0.777151
0.778853
0.786305
0.788060
0.793640
0.799700
0.803083
0.810990
0.814150
0.814633
0.821112
0.825764
0.829279
0.831900
0.841595
0.844093
0.845308
0.853810
0.855203
0.863268
0.867938
0.873586
0.880899
0.882623
0.887872
0.893664
0.899012
0.903514
0.906479
0.916423
0.919820
0.925083
0.930889
0.936571
0.942643
0.951527
0.953865
0.960586
0.964452
0.971398
0.980373
0.982489
0.989946
0.995196
1.001089
1.007941
1.017641
1.021985
1.025430
1.036541
1.039683
1.050224
1.057334
1.064716
1.069798
1.077292
1.084237
1.093385
1.095555
1.106299
1.110147
1.119058
1.127649
1.135316
1.142078
1.150011
1.160781
1.169781
1.175067
1.185544
1.192347
1.197179
1.209799
1.214889
1.226400
1.235281
1.240048
1.249533
1.261390
1.268669
1.277780
1.287761
1.297817
1.307891
1.317236
1.327182
1.335824
1.347094
1.353402
1.365710
1.377121
1.386640
1.397087
1.407584
1.420445
1.430477
1.438839
1.451947
1.463070
1.475577
1.486582
1.498223
1.513969
1.523022
1.533904
1.550762
1.562886
1.574421
1.585513
1.598758
1.611213
1.627456
1.637754
1.652546
1.664565
1.678520
1.695015
1.708349
1.724831
1.738256
1.757200
1.763477
1.780344
1.799175
1.815004
1.832013
1.845690
1.864658
1.877671
1.897621
1.916369
1.931855
1.948817
1.966607
1.988677
2.005389
2.024905
2.044750
2.062591
2.081529
2.101980
2.122542
2.143687
2.163197
2.186359
2.206394
2.230406
2.250976
2.273924
2.296342
2.318499
2.344236
2.366744
2.391930
2.415930
2.442654
2.468710
2.493482
2.520415
2.550422
2.574234
2.605469
2.634229
2.663316
2.693857
2.724689
2.755726
2.785254
2.817682
2.850039
2.883882
2.918280
2.952114
2.987537
3.025614
3.058699
3.097984
3.133549
3.176527
3.215618
3.258215
3.296215
3.342414
3.380995
3.429804
3.472506
3.518632
3.566005
3.615152
3.665061
3.715531
3.768454
3.824978
3.875522
3.933910
3.990800
4.049226
4.109351
4.170926
4.231433
4.301543
4.367556
4.435029
4.508520
4.580482
4.652893
4.729632
4.809658
4.892680
4.974120
5.061920
5.148917
5.242557
5.336367
5.434890
5.536551
5.640767
5.751518
5.864459
5.976655
6.099123
6.222208
6.350338
6.483643
6.618622
6.765164
6.918389
7.072976
7.232924
7.403148
7.581739
7.765373
7.958998
8.161992
8.374575
8.597330
8.826679
9.073807
9.331142
9.601871
9.886415
10.191245
10.510893
10.851503
11.209290
11.594824
12.004801
12.441131
12.907558
13.410504
13.948984
14.531973
15.162611
15.848231
16.594815
17.411779
18.307653
19.297570
20.392502
21.612908
22.986039
24.539581
26.306873
28.336541
30.696949
33.474807
36.784707
40.803513
45.783280
52.113342
60.432441
71.844586
88.486104
115.004488
163.902879
284.180134
1054.627265
620.790216
240.480346
149.384565
108.476570
85.238614
70.259400
59.797849
52.078841
46.147380
41.448436
37.635744
34.478742
31.815943
29.553622
27.596038
25.887876
24.386299
23.057473
21.866782
20.799117
19.838958
18.963610
18.167327
17.435842
16.766477
16.150011
15.578651
15.047923
14.555630
14.095851
13.663721
13.265779
12.886773
12.533569
12.200819
11.883742
11.588300
11.306329
11.037004
10.781781
10.539753
10.309968
10.092187
9.882863
9.683666
9.491899
9.309525
9.134104
8.967574
8.807797
8.654372
8.504335
8.362027
8.224671
8.092748
7.963299
7.844235
7.725773
7.610373
7.495507
7.395064
7.288305
7.189492
7.092860
6.997748
6.909078
6.819115
6.732750
6.651621
6.570294
6.493765
6.413951
6.341685
6.269325
6.198974
6.132814
6.064149
6.003753
5.938274
5.881783
5.816984
5.760527
5.703820
5.648630
5.593766
5.541739
5.491376
5.437794
5.392340
5.343182
5.295337
5.248113
5.205156
5.164183
5.119676
5.081457
5.035176
4.995341
4.957049
4.918558
4.881159
4.844903
4.806608
4.773623
4.736339
4.705396
4.670687
4.635996
4.604863
4.573102
4.544244
4.512743
4.482806
4.452957
4.427207
4.395324
4.370310
4.339924
4.317914
4.289673
4.264724
4.239597
4.216026
4.189081
4.166424
4.142234
4.117641
4.095470
4.075773
4.053977
4.029683
4.009556
3.988089
3.964409
3.945568
3.926988
3.910364
3.889782
3.867362
3.849372
3.832100
3.812422
3.798246
3.780023
3.761395
3.746113
3.727307
3.713137
3.695976
3.679320
3.664297
3.645920
3.631872
3.611126
3.603769
3.596941
3.574507
3.559119
3.546507
3.532670
3.516813
3.505754
3.491252
3.478565
3.464014
3.454572
3.438716
3.429479
3.415805
3.402957
3.392421
3.380157
3.367914
3.357345
3.347495
3.335806
3.325195
3.313815
3.303188
3.292087
3.284890
3.271693
3.263051
3.255735
3.242970
3.233817
3.225549
3.214862
3.206720
3.195277
3.186757
3.174995
3.169696
3.162168
3.149038
3.140806
3.131912
3.128706
3.118614
3.111334
3.103804
3.096148
3.088339
3.081096
3.070702
3.066543
3.058854
3.045641
3.043040
3.035543
3.031909
3.022094
3.015756
3.009280
3.001486
2.996333
2.989206
2.983478
2.978212
2.971610
2.964074
2.962015
2.953204
2.946967
2.942276
2.936176
2.931281
2.927493
2.919363
2.915807
2.909370
2.905630
2.900179
2.895879
2.890863
2.891424
2.877766
2.875711
2.869011
2.866484
2.859172
2.858023
2.852743
2.849740
2.844958
2.842159
2.835681
2.831063
2.829387
2.826561
2.819435
2.826971
2.809131
2.811755
2.805754
2.801292
2.796010
2.793604
2.789451
2.787964
2.787875
2.780554
2.779089
2.776499
2.771821
2.769099
2.765574
2.762341
2.760293
2.756569
2.755252
2.751423
2.747813
2.747208
2.744592
2.743576
2.737563
2.737253
2.734821
2.731662
2.730600
2.728133
2.724536
2.723918
2.721946
2.718453
2.712907
2.714802
2.714396
2.710182
2.708077
2.707752
2.704927
2.702744
2.704400
2.699904
2.698271
2.700449
2.696702
2.696294
2.694348
2.691115
2.690306
2.690806
2.688234
2.689269
2.688496
2.685668
2.683940
2.683941
2.683963
2.683580
2.680372
2.682392
2.680117
2.680861
2.678029
2.678079
2.681409
2.679359
2.676770
2.676489
2.679048
2.678318
2.675619
2.681422
2.676314
2.677513
2.675657
