0
1.41092
2.82184
4.23277
5.64372
7.05468
8.46566
9.87666
11.2877
12.6987
14.1098
15.521
16.9321
18.3433
19.7546
21.1659
22.5772
23.9886
25.4001
26.8116
28.2231
29.6348
31.0465
32.4582
33.8701
35.282
36.6939
38.106
39.5181
40.9303
42.3426
43.755
45.1675
46.58
47.9927
49.4054
50.8182
52.2312
53.6442
55.0573
56.4705
57.8838
59.2972
60.7107
62.1243
63.5379
64.9517
66.3656
67.7796
69.1937
69.6079
69.0222
68.4366
67.8511
67.2657
66.6804
66.0951
65.51
64.925
63.3401
61.7552
60.1705
58.5858
57.0013
55.4168
53.8324
52.2481
50.6639
49.0798
47.4957
45.9118
44.3279
42.7441
41.1603
39.5766
37.993
36.4095
34.826
33.2426
31.6592
30.0759
28.4927
26.9095
25.3263
23.7432
22.1601
20.5771
18.9941
17.4112
15.8282
14.2453
12.6625
11.0796
9.49678
7.91397
6.33116
4.74836
3.16557
1.58279
0
